-1.223288e+02 4.905157e+01
-9.848732e+01 4.545909e+01
-9.974142e+01 3.244917e+01
-8.137157e+01 4.079781e+01
-1.058736e+02 3.746818e+01
-8.415599e+01 3.158076e+01
-7.375527e+01 4.265145e+01
-1.066486e+02 3.508418e+01
-9.244565e+01 3.131268e+01
-7.543422e+01 4.065143e+01
-1.028715e+02 4.209712e+01
-8.344515e+01 4.506157e+01
-7.839890e+01 4.050719e+01
-1.018339e+02 3.520726e+01
-1.498577e+02 6.121756e+01
-8.841656e+01 4.426178e+01
-8.255314e+01 3.559846e+01
-1.068182e+02 3.919003e+01
-8.337326e+01 3.395813e+01
-8.439111e+01 3.374831e+01
-7.442652e+01 3.936281e+01
-8.197531e+01 3.347909e+01
-6.977622e+01 4.431804e+01
-9.774298e+01 3.026760e+01
-7.089266e+01 4.834590e+01
-6.815248e+01 4.922104e+01
-1.190188e+02 3.536697e+01
-7.660960e+01 3.929055e+01
-6.877078e+01 4.480172e+01
-6.821146e+01 4.438882e+01
-1.567888e+02 7.129008e+01
-6.564889e+01 4.761679e+01
-9.118687e+01 3.044342e+01
-9.410158e+01 3.008615e+01
-8.118765e+01 3.777759e+01
-1.224712e+02 4.875235e+01
-9.487965e+01 4.747315e+01
-1.617586e+02 6.079026e+01
-1.085058e+02 4.578397e+01
-7.591127e+01 4.209869e+01
-8.681150e+01 3.352029e+01
-1.007793e+02 4.680537e+01
-5.713521e+01 5.142862e+01
-8.899771e+01 4.048501e+01
-8.122263e+01 3.726799e+01
-1.161934e+02 4.360698e+01
-7.105670e+01 4.235863e+01
-1.110332e+02 4.567932e+01
-7.865048e+01 4.195586e+01
-9.420069e+01 4.635316e+01
-9.749553e+01 2.589958e+01
-8.149556e+01 3.114976e+01
-7.887846e+01 4.288544e+01
-1.183081e+02 3.418147e+01
-9.110078e+01 4.081200e+01
-7.321323e+01 4.447592e+01
-1.125209e+02 4.600175e+01
-1.140632e+02 5.104507e+01
-1.252482e+02 5.002461e+01
-8.954453e+01 3.730271e+01
-1.063277e+02 4.285010e+01
-1.176542e+02 4.929626e+01
-1.130618e+02 3.767795e+01
-9.152653e+01 4.165782e+01
-1.030002e+02 4.283175e+01
-8.824350e+01 4.011420e+01
-7.993160e+01 3.278115e+01
-8.163893e+01 3.835021e+01
-8.083754e+01 3.522250e+01
-7.847752e+01 3.803213e+01
-6.312817e+01 4.623659e+01
-8.530942e+01 3.504643e+01
-1.048215e+02 4.113482e+01
-7.436878e+01 4.991365e+01
-8.763241e+01 4.188415e+01
-1.218420e+02 3.973201e+01
-8.450469e+01 3.910644e+01
-8.034012e+01 3.927942e+01
-8.169046e+01 4.150436e+01
-1.032053e+02 3.440523e+01
-1.090572e+02 4.452608e+01
-9.632590e+01 3.062054e+01
-1.048217e+02 3.883311e+01
-9.233416e+01 3.895217e+01
-8.104525e+01 3.399855e+01
-8.498763e+01 3.246292e+01
-8.300301e+01 3.996200e+01
-8.865042e+01 3.360651e+01
-1.249268e+02 4.967354e+01
-1.457546e+02 6.054062e+01
-9.740356e+01 2.779635e+01
-1.085537e+02 3.735466e+01
-1.157687e+02 4.951350e+01
-1.242005e+02 4.175281e+01
-9.704090e+01 3.292222e+01
-8.419444e+01 3.975905e+01
-8.103940e+01 2.920358e+01
-8.895246e+01 3.984584e+01
-5.742366e+01 4.917534e+01
-1.008982e+02 2.936624e+01
-1.049923e+02 3.974001e+01
-9.361567e+01 4.158978e+01
-8.304792e+01 4.233169e+01
-9.885730e+01 4.811227e+01
-1.027906e+02 4.687901e+01
-1.584656e+02 5.903978e+01
-1.000187e+02 3.775264e+01
-8.539330e+01 3.122324e+01
-7.875975e+01 4.111978e+01
-9.066327e+01 4.249913e+01
-9.334919e+01 4.861401e+01
-1.078793e+02 3.727367e+01
-9.150124e+01 4.481651e+01
-1.134904e+02 5.354622e+01
-1.155695e+02 3.284748e+01
-1.064875e+02 3.175916e+01
-1.157676e+02 4.083563e+01
-7.689729e+01 4.216331e+01
-9.787834e+01 3.639708e+01
-8.008524e+01 4.212944e+01
-8.707976e+01 4.574522e+01
-1.230889e+02 4.404991e+01
-1.240852e+02 4.086743e+01
-8.756413e+01 3.797691e+01
-1.477221e+02 6.484520e+01
-9.678176e+01 4.687591e+01
-1.082061e+02 3.672814e+01
-9.415791e+01 3.606321e+01
-7.887758e+01 3.505450e+01
-8.368602e+01 4.301075e+01
-7.976906e+01 3.419363e+01
-7.888378e+01 4.034320e+01
-6.663912e+01 4.596064e+01
-1.197857e+02 3.674061e+01
-9.417762e+01 4.250157e+01
-1.103462e+02 3.155479e+01
-8.014356e+01 2.612367e+01
-9.211671e+01 3.776971e+01
-1.113803e+02 5.672718e+01
-8.186819e+01 2.664084e+01
-9.442130e+01 3.538460e+01
-1.208475e+02 5.625247e+01
-8.661467e+01 3.040422e+01
-8.509906e+01 4.107552e+01
-8.232318e+01 2.965195e+01
-1.008732e+02 3.796918e+01
-6.448067e+01 4.883145e+01
-1.055048e+02 4.429319e+01
-6.029594e+01 5.329582e+01
-1.121221e+02 3.605488e+01
-9.703203e+01 4.792408e+01
-9.833990e+01 4.092474e+01
-1.085645e+02 3.906879e+01
-8.567118e+01 4.296641e+01
-1.187949e+02 5.517116e+01
-9.876515e+01 3.836601e+01
-1.113061e+02 4.750715e+01
-8.801016e+01 4.451279e+01
-8.042690e+01 3.797558e+01
-8.119489e+01 3.543548e+01
-9.103786e+01 3.339847e+01
-7.738022e+01 3.560719e+01
-8.221670e+01 3.489067e+01
-8.907202e+01 3.041334e+01
-1.069269e+02 3.854495e+01
-7.771758e+01 3.964250e+01
-6.357392e+01 4.464616e+01
-8.858567e+01 4.712660e+01
-9.769555e+01 2.618986e+01
-7.688222e+01 4.025988e+01
-7.267407e+01 4.176333e+01
-9.933224e+01 3.887094e+01
-1.120212e+02 4.658976e+01
-9.288378e+01 4.748975e+01
-1.550819e+02 1.971924e+01
-8.076224e+01 3.215482e+01
-1.578576e+02 2.130474e+01
-1.570764e+02 2.116935e+01
-9.536978e+01 2.976045e+01
-8.244537e+01 3.841983e+01
-8.697976e+01 3.460738e+01
-7.027963e+01 4.165479e+01
-1.120420e+02 4.349200e+01
-6.186639e+01 4.741877e+01
-8.614996e+01 3.976691e+01
-9.340365e+01 4.860260e+01
-1.178130e+02 3.564694e+01
-8.806525e+01 4.582075e+01
-9.016423e+01 4.645554e+01
-7.649545e+01 4.244049e+01
-9.018049e+01 3.229869e+01
-8.881940e+01 3.561390e+01
-1.107624e+02 4.347996e+01
-8.165580e+01 3.033138e+01
-7.742105e+01 3.474929e+01
-9.870853e+01 4.691009e+01
-7.923780e+01 4.209605e+01
-7.891835e+01 4.032726e+01
-9.451317e+01 3.709146e+01
-1.345795e+02 5.836773e+01
-1.564671e+02 2.089078e+01
-8.560111e+01 4.229243e+01
-1.143149e+02 4.820164e+01
-1.203379e+02 5.067612e+01
-9.458306e+01 3.910296e+01
-1.566636e+02 2.100012e+01
-9.908369e+01 4.070047e+01
-1.194966e+02 4.988681e+01
-1.512598e+02 6.055312e+01
-1.316478e+02 5.534208e+01
-8.180063e+01 2.455426e+01
-9.772711e+01 3.111683e+01
-7.647933e+01 4.423154e+01
-7.758180e+01 3.526869e+01
-9.257199e+01 4.019426e+01
-8.049305e+01 4.345123e+01
-1.217821e+02 4.222389e+01
-8.392091e+01 3.596050e+01
-1.523952e+02 5.779435e+01
-1.559957e+02 1.964014e+01
-1.625859e+02 6.689724e+01
-9.125192e+01 4.381262e+01
-9.201705e+01 3.022032e+01
-9.322011e+01 3.022403e+01
-1.143459e+02 3.447398e+01
-1.569196e+02 2.082796e+01
-7.630127e+01 4.003804e+01
-8.455228e+01 4.273202e+01
-1.055903e+02 4.131081e+01
-9.950201e+01 2.753092e+01
-1.151400e+02 3.617191e+01
-7.938494e+01 4.031665e+01
-8.929039e+01 3.132323e+01
-9.838983e+01 3.460515e+01
-7.225395e+01 4.364481e+01
-1.128337e+02 4.969383e+01
-1.170167e+02 4.641866e+01
-8.450032e+01 3.804859e+01
-1.009252e+02 3.703239e+01
-1.593686e+02 2.197492e+01
-9.670773e+01 4.081361e+01
-9.227449e+01 3.474865e+01
-8.124621e+01 4.298689e+01
-1.181924e+02 3.376642e+01
-7.309839e+01 4.078913e+01
-9.474107e+01 3.250064e+01
-1.182450e+02 3.405329e+01
-8.576640e+01 3.825486e+01
-1.018559e+02 3.359233e+01
-7.914284e+01 3.741402e+01
-8.362758e+01 3.283969e+01
-8.938666e+01 4.307292e+01
-7.146309e+01 4.299117e+01
-9.656183e+01 3.917881e+01
-8.631898e+01 4.424172e+01
-8.893005e+01 3.773082e+01
-8.741368e+01 4.654584e+01
-9.320104e+01 4.314665e+01
-7.489284e+01 4.493135e+01
-9.822936e+01 2.620742e+01
-1.006253e+02 4.019860e+01
-1.228756e+02 4.232356e+01
-1.106781e+02 5.004107e+01
-8.060688e+01 2.807939e+01
-9.004891e+01 3.514966e+01
-8.870307e+01 3.236503e+01
-8.023742e+01 2.572899e+01
-1.023619e+02 3.183238e+01
-8.790684e+01 4.304181e+01
-9.319871e+01 4.487927e+01
-1.012961e+02 4.823611e+01
-1.139962e+02 4.687278e+01
-8.805324e+01 3.068640e+01
-1.209996e+02 3.763830e+01
-9.048990e+01 4.149173e+01
-6.477826e+01 4.608837e+01
-9.211905e+01 3.250965e+01
-6.819107e+01 4.858794e+01
-1.218967e+02 3.659758e+01
-8.630063e+01 3.238012e+01
-7.355439e+01 4.551229e+01
-1.078776e+02 3.847865e+01
-7.995785e+01 3.963038e+01
-1.192772e+02 4.713194e+01
-8.766771e+01 3.474244e+01
-8.624593e+01 4.323424e+01
-7.888268e+01 3.369357e+01
-1.239362e+02 4.916427e+01
-7.009933e+01 4.128522e+01
-8.179579e+01 2.613909e+01
-8.677837e+01 3.616776e+01
-7.704207e+01 3.510843e+01
-7.292496e+01 4.130712e+01
-9.007771e+01 2.995369e+01
-7.400712e+01 4.071455e+01
-7.401023e+01 4.149994e+01
-7.642945e+01 3.698051e+01
-1.654047e+02 6.449956e+01
-7.671206e+01 3.727566e+01
-7.945993e+01 4.630663e+01
-1.242245e+02 4.340661e+01
-1.007633e+02 4.113632e+01
-1.222730e+02 3.780506e+01
-7.548960e+01 4.469385e+01
-9.752033e+01 3.547201e+01
-9.594047e+01 4.126064e+01
-1.176478e+02 3.406457e+01
-1.177651e+02 3.366666e+01
-8.137739e+01 2.853774e+01
-7.569189e+01 4.542150e+01
-8.711354e+01 3.777420e+01
-1.191804e+02 3.420037e+01
-8.859583e+01 3.708571e+01
-1.165121e+02 3.382321e+01
-8.566033e+01 3.015987e+01
-8.135612e+01 3.880775e+01
-1.190946e+02 4.623518e+01
-8.478448e+01 4.555174e+01
-1.187864e+02 4.567179e+01
-8.721724e+01 3.042084e+01
-1.195939e+02 4.950023e+01
-8.958776e+01 4.069214e+01
-1.329709e+02 5.680650e+01
-7.516237e+01 3.995227e+01
-1.120758e+02 3.344826e+01
-1.003502e+02 4.436892e+01
-7.999746e+01 4.043831e+01
-7.345303e+01 4.469913e+01
-1.124506e+02 4.287472e+01
-9.707923e+01 3.670360e+01
-7.025665e+01 4.365915e+01
-1.226756e+02 4.551179e+01
-1.124702e+02 3.453901e+01
-6.801538e+01 4.668160e+01
-1.227451e+02 5.391235e+01
-1.303262e+02 5.431304e+01
-7.141199e+01 4.182388e+01
-1.046124e+02 3.826386e+01
-1.171815e+02 4.673016e+01
-7.121936e+01 4.681275e+01
-1.224982e+02 5.297812e+01
-9.139583e+01 3.993560e+01
-7.879234e+01 3.587289e+01
-9.208335e+01 6.280714e+01
-1.032309e+02 4.408116e+01
-1.223929e+02 4.058752e+01
-1.211759e+02 4.427257e+01
-1.045952e+02 5.044801e+01
-1.198116e+02 3.952455e+01
-8.941131e+01 4.563839e+01
-7.743341e+01 3.754055e+01
-1.083813e+02 4.302467e+01
-7.994053e+01 3.727152e+01
-7.222446e+01 4.851526e+01
-9.245978e+01 4.401925e+01
-7.761603e+01 4.315550e+01
-1.092228e+02 4.158616e+01
-6.912908e+01 4.409757e+01
-7.901451e+01 4.823707e+01
-7.297156e+01 4.360487e+01
-1.214910e+02 3.857906e+01
-8.394667e+01 4.341918e+01
-9.760970e+01 3.884054e+01
-7.508438e+01 3.833501e+01
-1.118882e+02 4.075952e+01
-1.004424e+02 3.146150e+01
-9.849462e+01 2.942449e+01
-1.171617e+02 3.271569e+01
-1.224200e+02 3.777916e+01
-1.218858e+02 3.733848e+01
-1.206626e+02 3.528552e+01
-1.318239e+02 5.324659e+01
-1.196988e+02 3.441929e+01
-1.059374e+02 3.569154e+01
-1.204350e+02 3.495313e+01
-7.413178e+01 4.432453e+01
-8.255163e+01 2.738679e+01
-8.240336e+01 4.297877e+01
-1.066593e+02 5.213050e+01
-8.435172e+01 4.649231e+01
-8.434790e+01 4.651828e+01
-8.109072e+01 3.208078e+01
-1.036628e+02 4.186180e+01
-1.222961e+02 4.744048e+01
-6.638823e+01 5.020864e+01
-7.898762e+01 3.835303e+01
-1.069559e+02 4.479769e+01
-1.100428e+02 3.425030e+01
-9.374727e+01 3.251461e+01
-9.642084e+01 4.249979e+01
-9.673128e+01 4.354535e+01
-1.353351e+02 5.705372e+01
-1.271681e+02 5.478280e+01
-8.625404e+01 4.167906e+01
-1.174123e+02 4.765726e+01
-8.964360e+01 3.980105e+01
-9.329156e+01 3.720898e+01
-5.561335e+01 5.136656e+01
-9.419752e+01 4.556586e+01
-1.135833e+02 3.710907e+01
-6.606412e+01 4.527343e+01
-8.145206e+01 2.993767e+01
-9.019951e+01 3.862774e+01
-7.786070e+01 4.079373e+01
-1.068364e+02 4.048785e+01
-8.098966e+01 4.648959e+01
-7.614739e+01 4.304999e+01
-8.428065e+01 3.043978e+01
-8.263932e+01 2.777118e+01
-1.078109e+02 3.793811e+01
-1.286022e+02 5.451586e+01
-9.403216e+01 3.343092e+01
-9.618077e+01 4.811913e+01
-8.924548e+01 4.838170e+01
-8.132895e+01 4.847608e+01
-8.353626e+01 4.165381e+01
-7.938533e+01 4.364856e+01
-8.561584e+01 4.476000e+01
-8.240871e+01 3.648055e+01
-1.109698e+02 3.222155e+01
-9.599335e+01 3.614975e+01
-8.870783e+01 3.425741e+01
-1.144696e+02 4.255620e+01
-9.529430e+01 3.234748e+01
-1.063827e+02 3.964499e+01
-7.100332e+01 4.538351e+01
-1.463534e+02 6.113036e+01
-8.328093e+01 3.083473e+01
-1.231140e+02 4.926044e+01
-1.233645e+02 4.842831e+01
-9.700357e+01 2.880597e+01
-6.686864e+01 5.289737e+01
-9.714951e+01 3.157182e+01
-1.183424e+02 4.607038e+01
-7.703196e+01 3.889037e+01
-9.234231e+01 4.249296e+01
-7.591316e+01 4.397559e+01
-9.710574e+01 4.490059e+01
-8.963031e+01 4.495954e+01
-1.203049e+02 4.741419e+01
-8.005269e+01 2.671439e+01
-7.373383e+01 4.112398e+01
-1.350532e+02 6.072087e+01
-9.850099e+01 3.390831e+01
-9.733558e+01 3.768698e+01
-7.565200e+01 4.142286e+01
-1.221411e+02 5.212865e+01
-7.700141e+01 4.124095e+01
-1.036219e+02 4.814703e+01
-7.794599e+01 3.423497e+01
-8.303391e+01 4.231782e+01
-9.714074e+01 4.989943e+01
-1.079551e+02 4.401684e+01
-1.205070e+02 4.660413e+01
-1.143713e+02 6.245432e+01
-1.146246e+02 3.268485e+01
