.9962974170599902 1.2063017264551246
1.0238124286995574 1.1414844193099394
1.1830695347087843 1.0622631751265117
1.085184203333971 1.2327429137856907
.9274672641804946 1.0342577226769223
.9733628096010624 .9770491992981841
.9725941847010301 1.096310931950135
1.0037814009003985 .9528104491582853
1.1487379819185684 1.0783997189518715
.9143167262382002 1.0558803202421028
1.1130474420942296 .9350330702826525
.9928736700001345 1.1300434323812412
.9940765632273852 1.0384754158519458
.9755440017199647 1.0127770395474271
1.0481970646612344 1.2479366954909676
.9808867491952674 2.0818174378786014
1.0249952942951226 2.052459692018489
1.0831194496949132 2.0453395917083723
.9691695247833424 1.9228029417212973
.9776308004433298 2.134032900401744
1.0712232340268282 1.92979002743032
1.035854537886146 1.972229108372604
1.090968251582497 2.1685658718655016
1.0600966181341958 2.1604872535599826
1.085290024468346 1.9927417734687518
1.0121187850934261 2.0167838690414075
.9959111315285641 1.7819702215619146
.98554129226492 2.119538843094487
.9657420431761412 1.9453530079877392
.7310184702728733 2.123886957374385
1.0760085352541726 2.987167323301099
.9696144147552838 3.063120108891489
1.0085406089832094 3.0687996647838505
.9498674460400458 2.9504697295326796
1.0613311572066746 3.1080871793209925
.9756695054942338 2.8718604151411506
.9593243257176255 2.9826960124609236
.8971519901830367 2.794854390631259
1.096059418890589 3.0953066557869073
1.185906496272323 2.984004200110597
.922030702912715 2.8920976274702235
1.0111860461271542 3.0079736095838463
1.1250054566693908 2.865389253551674
.7990395771394115 2.9296003010579175
.929002233299023 2.943256103897544
1.0317026723132654 4.102026876776336
.9251693407314016 3.8822716020721435
.9072441422733939 4.012054771715842
1.085123001991168 3.895683586771444
1.1673851218607119 4.012254692966482
.947656428657291 3.9898677850902016
1.0143330078493893 3.976054610136695
.9815130474251257 4.271579453506326
1.0989765467043233 4.0054781324735895
.8613931405236455 4.0605618220577675
1.2451548498025382 4.0038974659772135
1.030149333237188 4.000132631758023
.95142814223014 3.990278805199195
1.1003390345576753 4.010392611038708
1.1157407247643536 3.9522362894486327
1.9706793678310917 1.1255002614611787
2.0566241091396136 .9726921131066836
2.2012808593550917 .9908919276379855
1.8600010168807242 1.337734134298482
1.9975611073543886 1.2039160614785471
2.061451539276203 1.0559865394526937
1.8461042609493519 .8970570284691192
2.0415682119841185 1.0543539665766426
1.9946075654920334 1.1910255505726364
1.9781041075129722 1.0935735736492025
2.032653255669123 .9083140634508262
1.9673149264527099 .9964517360260934
2.1040176259276415 .8484106294541938
2.0746172706745947 1.1143722513364342
1.9583238819627007 .9760236952156803
2.116366771079058 1.9940384534725466
2.0811764310173553 2.106467534864788
1.9953446655693206 1.9963504464171113
2.0825040757547106 1.9015919652598172
1.89612044447715 2.1369017815529845
1.9550276725192144 1.9111660404380322
1.883277085010705 1.9042553312957295
2.038910780212237 2.016796390926376
2.076645603519108 2.042232906505808
2.1945539184417204 1.7696536104607694
1.974238072281341 1.8129790505522851
1.7688248707856458 2.0251049908892647
1.9393077485022379 2.1258286399710262
1.8091719822933394 1.9576530675046364
1.9226480235264927 2.058856712065475
2.00266294383173 2.9678402801461643
1.907559414815598 2.8840557094264883
1.9738726757927403 3.006970260201061
2.124607954028228 2.8454518288407873
1.9442402085542334 3.0639755568793086
2.110626996624313 3.04289072473676
1.8033623664882201 2.9844452616439696
1.8466764295354412 2.976536107355189
2.0889176810928802 2.9550565169673897
1.9776184761201787 2.8172978606811263
2.132455449349608 2.9631619052392417
1.8008324781150342 3.102986327770356
2.0402317153669265 2.9358319521313487
1.8389924028532338 2.8970543834547935
2.073077877069835 3.024784253751789
1.9149280544051595 4.0076749597076065
2.064788284971803 3.877260594940499
1.9666541338080241 4.193117856175961
2.0123567365318746 3.993055928796424
1.9881740640062506 3.934295510998587
1.9775383925853545 4.1086445335010335
1.8951553857632641 4.0708424502355065
1.9801041123894563 4.026470782908428
2.008327266619982 3.9635992162258757
2.099912803855045 3.952405340760959
2.1237281602585987 3.8968043062737694
1.8986911286760058 3.899825728142259
1.9810567577823581 4.019455868154423
2.0134863995248975 3.876560743986197
2.0344518310819697 4.04176289726062
2.9180357197608893 .9308691537035579
2.8507917373974725 .8356895668316019
3.1241425105931313 .9898512258744864
3.0569668422375194 .9861488565975738
3.021437987513484 1.0389341283975646
2.918265438736579 .9078333128756146
2.900077927008528 1.1762798785940685
2.9681704646220757 1.1104792074910659
3.061596891082538 1.00374780446305
3.0282087602036847 1.0121100774957505
3.01264192530423 1.0419144737084676
2.8205174440894574 1.017607523485581
2.8691926065573083 1.0804018192690885
2.770035069284223 1.0804052039522571
2.8545032389235234 1.10077753265089
3.0838138936139474 2.155757444944803
2.9482743214195777 2.00311259670886
3.0803288782689493 2.0241432727913504
2.948155108789622 2.161566085784853
2.8886819194580147 2.214976659032436
2.933116992700797 2.056774797803017
3.062205730372081 1.9512512841923981
2.9602952804581903 2.054114046501972
3.0365286473872968 2.26815516868207
3.216729714852914 1.9603174129179868
3.1281889513757535 1.8881154937310562
2.9545289297121875 1.912153255082257
2.9288549573848126 1.8294891119117445
3.070305189451719 1.8851162586037526
2.9010871707493955 1.9813142940688775
2.932549444971435 2.877977278092157
3.2021893296459676 3.149570502756159
2.8085644928239484 3.0520310951277856
3.047408062244185 3.117199009463059
3.1977945901301483 2.8395779532739436
2.9535417582932975 3.014586162617204
3.003750762249712 3.1197879747055075
3.128074667320826 2.9359965527899194
3.0109724984201804 2.9248372125369553
3.033752415512672 3.1330959453194285
3.0335350885368335 2.937583635885985
3.0038072011205945 2.978422604777724
2.9827074973736156 3.1305486097675748
2.783971179941295 2.929583974626884
3.0397120100331816 2.886414472702264
3.0064735058426297 3.9853543375755596
3.0295046227809173 3.931595338629587
2.9421968079873935 3.967590220775169
2.894366760258411 3.931245092276139
2.975778104772558 3.981189169705278
2.9529929152003223 3.9647947569640083
2.978714412242855 4.079614845735874
2.9257209482964814 3.9207785406407827
3.1307517598371764 3.940500852598997
2.933108321312753 4.02069119617914
2.972865057102714 3.968189064353931
2.8527897231597152 4.065905793562491
2.932096471999298 3.9968187559485924
2.8704165510658064 4.185554922054489
2.9595880448997676 3.9217826426539864
4.134529881017234 .6838397238681293
3.9424246518697457 .8616343077645667
3.85637803414761 1.0120712204463638
3.9757168595519237 1.0722756128431665
4.042389058866297 1.0132940635109735
4.004899634645531 1.1498578805134325
3.8223556856562078 .8813537370607267
4.096514361847407 .9367384637892278
4.052657301068084 .888710939901678
4.113768652452052 1.0263603995149198
3.9948896379963155 1.0378175999490944
4.0313235408572465 1.0221782311207892
3.9407512369066704 .9212748778693466
4.065653268592624 1.0079897722774296
3.8467424853002674 1.0898680108547498
4.049959205281174 1.9710154103938138
3.9788102941231536 2.0909167773057753
3.924696992417776 1.83056075871226
3.8473880631631197 2.0372593424568213
3.981203294261552 1.8996092744914763
3.8247940476545326 2.0429585171890485
4.0940213826556136 1.9135203486683225
3.9612029241203572 1.9702444673899888
3.9400233296345712 2.1330308614769433
3.984519466664694 1.9714902784298745
4.165229090779098 1.9820547299799156
3.9341831942092464 2.063146263908742
4.134372061016702 1.9025010607765034
3.8349447587057397 2.0237392128487306
3.887274849220268 2.217614474558693
3.9999366393392704 2.9718618499771945
4.038718200981796 3.1929498865392487
4.044204546682514 2.981673117969324
3.84183913816842 2.8902419389550666
4.023592565843811 2.9038656230938695
4.1644229426387485 2.944949553740312
3.8768530316146737 2.9975766396443206
3.9947897033013877 2.965766672950769
3.864122143197984 2.951629851432776
4.100755175430194 3.1367366050773073
3.9117685601544934 2.7579647712427495
4.132055612027885 3.1424277998306316
4.0255887858707045 2.983041431792641
4.0778706360709895 2.992497605434197
3.931135231851984 2.9766171544055275
3.9217344138275005 3.9272643494383472
3.9122798042151596 3.9656846237972783
3.86224774947172 3.952103030203158
4.100715397773366 3.823155705857074
3.835983744134015 4.108716327862356
3.9723544819514665 3.963291941714004
4.071480018459701 3.902243822630165
3.9999630347097295 3.919275344958119
3.9266738591234978 4.0341353052835
3.9911727911493484 3.9442929275834935
3.926653559435045 3.9792298466163394
4.075689997265636 3.966887766894342
4.080684351696394 3.832068844727393
3.978301571705213 3.922236871634044
4.091909253423529 3.9669723414025677
