-9.720700e+01 4.900100e+01
-9.680100e+01  49
-9.595700e+01  49
-9.593100e+01  49
-9.576600e+01  49
-9.537800e+01 4.899900e+01
-9.720000e+01 4.897200e+01
-9.723600e+01 4.896500e+01
-9.533100e+01 4.891400e+01
-9.576800e+01 4.884900e+01
-9.576800e+01 4.884800e+01
-9.592000e+01 4.883300e+01
-9.509000e+01 4.879900e+01
-9.715800e+01 4.878700e+01
-9.694800e+01 4.877800e+01
-9.694700e+01 4.877500e+01
-9.670200e+01 4.877500e+01
-9.459000e+01 4.871900e+01
-9.459900e+01 4.871300e+01
-9.456200e+01 4.871200e+01
-9.617800e+01 4.870000e+01
-9.617800e+01 4.869900e+01
-9.443000e+01 4.869200e+01
-9.638800e+01 4.864500e+01
-9.340200e+01 4.860700e+01
-9.340200e+01 4.860300e+01
-9.340300e+01 4.860300e+01
-9.337600e+01 4.860200e+01
-9.340200e+01 4.860200e+01
-9.340400e+01 4.860200e+01
-9.344000e+01 4.858200e+01
-9.652100e+01 4.857800e+01
-9.710600e+01 4.857300e+01
-9.714700e+01 4.857300e+01
-9.689600e+01 4.857200e+01
-9.337400e+01 4.856900e+01
-9.338600e+01 4.856400e+01
-9.343900e+01 4.855600e+01
-9.337400e+01 4.855600e+01
-9.616900e+01 4.854500e+01
-9.710700e+01 4.854400e+01
-9.649000e+01 4.854300e+01
-9.689100e+01 4.854300e+01
-9.573200e+01 4.854000e+01
-9.357500e+01 4.852300e+01
-9.713700e+01 4.841400e+01
-9.710700e+01 4.841300e+01
-9.320100e+01 4.841100e+01
-9.309300e+01 4.841000e+01
-9.357400e+01 4.840100e+01
-9.356400e+01 4.839300e+01
-9.455900e+01 4.836700e+01
-9.632800e+01 4.835700e+01
-9.647700e+01 4.835500e+01
-9.681800e+01 4.834000e+01
-97 4.834000e+01
-9.574300e+01 4.829800e+01
-9.559300e+01 4.829600e+01
-9.249100e+01 4.825900e+01
-9.677000e+01 4.819700e+01
-9.710700e+01 4.819500e+01
-9.677000e+01 4.819500e+01
-9.699900e+01 4.819500e+01
-9.713900e+01 4.819500e+01
-9.380300e+01 4.819100e+01
-9.647700e+01 4.817400e+01
-9.251400e+01 4.817400e+01
-9.675800e+01 4.817300e+01
-9.699900e+01 4.817300e+01
-9.580900e+01 4.817200e+01
-9.620700e+01 4.817200e+01
-9.619500e+01 4.817200e+01
-9.087600e+01 4.816400e+01
-9.618100e+01 4.813700e+01
-9.620800e+01 4.813700e+01
-9.618100e+01 4.812700e+01
-9.618100e+01 4.812400e+01
-9.614900e+01 4.812300e+01
-9.620800e+01 4.812200e+01
-9.559300e+01 4.812200e+01
-9.580900e+01 4.812200e+01
-9.525000e+01 4.812200e+01
-9.618100e+01 4.811900e+01
-9.614500e+01 4.810500e+01
-9.619700e+01 4.809300e+01
-9.282300e+01 4.806600e+01
-9.005800e+01 4.805400e+01
-9.283000e+01 4.805300e+01
-9.580900e+01 4.802200e+01
-9.666800e+01 4.802100e+01
-9.586100e+01 4.802100e+01
-9.648200e+01 4.802100e+01
-9.702000e+01 4.802100e+01
-9.621400e+01 4.802000e+01
-9.527700e+01 4.802000e+01
-9.605500e+01 4.802000e+01
-8.958600e+01 4.800100e+01
-9.191300e+01 4.798900e+01
-9.586000e+01 4.796500e+01
-9.605400e+01 4.796400e+01
-9.621500e+01 4.796300e+01
-8.969600e+01 4.795200e+01
-9.702000e+01 4.794900e+01
-9.702000e+01 4.793600e+01
-9.697800e+01 4.793500e+01
-9.703700e+01 4.793300e+01
-9.702400e+01 4.793000e+01
-9.702300e+01 4.792900e+01
-9.282800e+01 4.792800e+01
-9.701600e+01 4.792800e+01
-9.702800e+01 4.792700e+01
-9.702000e+01 4.792200e+01
-9.699800e+01 4.792200e+01
-9.701500e+01 4.792200e+01
-9.697600e+01 4.791500e+01
-8.955300e+01 4.790900e+01
-9.699900e+01 4.790800e+01
-9.186700e+01 4.790300e+01
-9.184100e+01 4.790300e+01
-9.376800e+01 4.789900e+01
-9.316700e+01 4.789300e+01
-9.316600e+01 4.789300e+01
-9.377600e+01 4.788300e+01
-9.627400e+01 4.787800e+01
-9.428500e+01 4.787600e+01
-9.377600e+01 4.787500e+01
-9.454800e+01 4.787400e+01
-9.443800e+01 4.787400e+01
-9.444000e+01 4.787400e+01
-9.428100e+01 4.787300e+01
-9.519300e+01 4.787000e+01
-9.441800e+01 4.787000e+01
-9.504500e+01 4.786900e+01
-9.308100e+01 4.786600e+01
-9.308100e+01 4.786400e+01
-9.287000e+01 4.786300e+01
-9.271900e+01 4.786200e+01
-9.271800e+01 4.786200e+01
-9.268600e+01 4.786100e+01
-9.434100e+01 4.785600e+01
-9.312500e+01 4.784900e+01
-9.585800e+01 4.784900e+01
-9.641700e+01 4.784800e+01
-9.377600e+01 4.784600e+01
-9.435000e+01 4.784600e+01
-9.426800e+01 4.784600e+01
-8.996200e+01 4.784400e+01
-9.377600e+01 4.784000e+01
-9.364300e+01 4.784000e+01
-9.626600e+01 4.783200e+01
-9.316900e+01 4.782100e+01
-9.585800e+01 4.781900e+01
-9.599900e+01 4.781900e+01
-9.180000e+01 4.781600e+01
-9.228100e+01 4.780400e+01
-9.663200e+01 4.780400e+01
-9.102200e+01 4.780300e+01
-9.661100e+01 4.780200e+01
-9.441900e+01 4.779300e+01
-9.646000e+01 4.779000e+01
-9.660000e+01 4.778900e+01
-9.663200e+01 4.778900e+01
-9.661100e+01 4.778900e+01
-9.236500e+01 4.778400e+01
-9.583700e+01 4.777500e+01
-9.660800e+01 4.777400e+01
-9.663000e+01 4.776500e+01
-9.691100e+01 4.776100e+01
-9.645900e+01 4.776100e+01
-9.558000e+01 4.776100e+01
-9.693800e+01 4.776000e+01
-96 4.776000e+01
-9.635100e+01 4.776000e+01
-9.658900e+01 4.776000e+01
-9.663200e+01 4.776000e+01
-9.634200e+01 4.776000e+01
-9.628800e+01 4.776000e+01
-9.626700e+01 4.776000e+01
-9.628200e+01 4.776000e+01
-9.656800e+01 4.775900e+01
-9.626700e+01 4.775800e+01
-9.034000e+01 4.775300e+01
-9.033300e+01 4.775100e+01
-9.034000e+01 4.774900e+01
-9.663200e+01 4.774700e+01
-9.656600e+01 4.774500e+01
-9.088700e+01 4.774400e+01
-9.454800e+01 4.773300e+01
-9.598300e+01 4.766100e+01
-9.160300e+01 4.766000e+01
-9.225800e+01 4.766000e+01
-9.527300e+01 4.764800e+01
-9.542600e+01 4.764500e+01
-9.242600e+01 4.763300e+01
-9.681400e+01 4.760800e+01
-9.474600e+01 4.760700e+01
-9.377400e+01 4.760100e+01
-9.369100e+01 4.759300e+01
-9.254300e+01 4.758800e+01
-9.083100e+01 4.757700e+01
-9.254700e+01 4.755600e+01
-9.628000e+01 4.755000e+01
-9.254800e+01 4.754700e+01
-9.255400e+01 4.754700e+01
-9.234000e+01 4.753300e+01
-9.226200e+01 4.753200e+01
-9.256300e+01 4.753100e+01
-9.254700e+01 4.753100e+01
-9.525900e+01 4.752900e+01
-9.555300e+01 4.752900e+01
-9.518400e+01 4.752600e+01
-9.540000e+01 4.752200e+01
-9.539800e+01 4.752200e+01
-9.256100e+01 4.751800e+01
-9.257100e+01 4.751800e+01
-9.498000e+01 4.751400e+01
-9.253300e+01 4.750900e+01
-9.494900e+01 4.750600e+01
-9.288700e+01 4.750600e+01
-9.487500e+01 4.750500e+01
-9.252400e+01 4.750400e+01
-9.628000e+01 4.750000e+01
-9.653700e+01 4.749900e+01
-9.597600e+01 4.749900e+01
-9.681600e+01 4.749900e+01
-9.492000e+01 4.749800e+01
-9.491200e+01 4.749800e+01
-9.491900e+01 4.749800e+01
-9.491400e+01 4.749600e+01
-9.248800e+01 4.749300e+01
-9.246100e+01 4.749200e+01
-9.491800e+01 4.749100e+01
-9.487900e+01 4.749100e+01
-9.288400e+01 4.748900e+01
-9.253100e+01 4.748700e+01
-9.290000e+01 4.748100e+01
-9.287100e+01 4.747900e+01
-9.283400e+01 4.747800e+01
-9.286600e+01 4.747600e+01
-9.290500e+01 4.746900e+01
-9.282700e+01 4.746800e+01
-9.102300e+01 4.746700e+01
-9.252000e+01 4.746100e+01
-9.252100e+01 4.746100e+01
-9.486300e+01 4.745600e+01
-9.487600e+01 4.743900e+01
-9.486300e+01 4.743900e+01
-9.484200e+01 4.743900e+01
-9.486300e+01 4.743300e+01
-9.483400e+01 4.743200e+01
-9.292200e+01 4.743000e+01
-9.124700e+01 4.741800e+01
-9.280700e+01 4.741200e+01
-9.486300e+01 4.741000e+01
-9.480500e+01 4.741000e+01
-9.292600e+01 4.740100e+01
-9.294500e+01 4.740000e+01
-9.296200e+01 4.740000e+01
-9.279700e+01 4.739800e+01
-9.251800e+01 4.739800e+01
-9.280900e+01 4.739300e+01
-9.306900e+01 4.739300e+01
-9.461200e+01 4.738300e+01
-9.467100e+01 4.738200e+01
-9.227100e+01 4.737900e+01
-9.316800e+01 4.737100e+01
-9.684500e+01 4.735300e+01
-9.682600e+01 4.735200e+01
-9.118700e+01 4.734700e+01
-9.422100e+01 4.734600e+01
-9.381300e+01 4.734000e+01
-9.320300e+01 4.733900e+01
-9.379500e+01 4.733400e+01
-9.596500e+01 4.732500e+01
-9.628000e+01 4.732500e+01
-9.555100e+01 4.732500e+01
-9.606600e+01 4.732500e+01
-9.395900e+01 4.732500e+01
-9.374500e+01 4.732100e+01
-9.538200e+01 4.731100e+01
-9.651400e+01 4.729600e+01
-9.628000e+01 4.729600e+01
-9.681000e+01 4.729500e+01
-9.681100e+01 4.729200e+01
-9.302400e+01 4.728300e+01
-9.362500e+01 4.726400e+01
-9.353200e+01 4.726100e+01
-9.374600e+01 4.724300e+01
-9.374700e+01 4.724200e+01
-9.356600e+01 4.724100e+01
-9.516900e+01 4.724100e+01
-9.350000e+01 4.723900e+01
-9.353300e+01 4.723600e+01
-9.487600e+01 4.723600e+01
-9.352800e+01 4.723600e+01
-9.351900e+01 4.723600e+01
-9.349000e+01 4.722500e+01
-9.479600e+01 4.721600e+01
-9.353000e+01 4.720100e+01
-9.514500e+01 4.718900e+01
-9.680100e+01 4.718200e+01
-9.650000e+01 4.718100e+01
-9.606700e+01 4.718100e+01
-9.593200e+01 4.718000e+01
-9.625900e+01 4.718000e+01
-9.377400e+01 4.717900e+01
-9.546800e+01 4.715200e+01
-9.548200e+01 4.715200e+01
-9.556700e+01 4.715200e+01
-9.553600e+01 4.715100e+01
-9.552200e+01 4.715100e+01
-9.592600e+01 4.715100e+01
-9.650000e+01 4.715100e+01
-9.625900e+01 4.715100e+01
-9.679900e+01 4.715100e+01
-9.466400e+01 4.714900e+01
-9.463500e+01 4.714500e+01
-9.515200e+01 4.713800e+01
-9.516900e+01 4.713800e+01
-9.211300e+01 4.711300e+01
-9.592700e+01 4.710300e+01
-9.458700e+01 4.710200e+01
-9.584800e+01 4.709300e+01
-9.319500e+01 4.708700e+01
-9.392300e+01 4.705700e+01
-9.390600e+01 4.705600e+01
-9.454000e+01 4.705400e+01
-9.421500e+01 4.705300e+01
-9.421400e+01 4.705300e+01
-9.360100e+01 4.703000e+01
-9.324800e+01 4.702600e+01
-9.308400e+01 4.702600e+01
-9.166700e+01 4.702600e+01
-9.466400e+01 4.702500e+01
-9.306900e+01 4.700900e+01
-9.471600e+01 4.700800e+01
-9.305600e+01 4.700500e+01
-9.326100e+01 4.700400e+01
-9.472700e+01 4.700400e+01
-9.326600e+01  47
-9.360500e+01 4.698600e+01
-9.525300e+01 4.698600e+01
-9.529600e+01 4.698500e+01
-9.377500e+01 4.698100e+01
-9.245700e+01 4.695600e+01
-9.245800e+01 4.695500e+01
-9.179400e+01 4.694700e+01
-9.679100e+01 4.693400e+01
-9.678600e+01 4.693000e+01
-9.291500e+01 4.692400e+01
-9.505800e+01 4.692200e+01
-9.516200e+01 4.692100e+01
-9.291100e+01 4.692000e+01
-9.518300e+01 4.692000e+01
-9.674600e+01 4.690500e+01
-9.193700e+01 4.688100e+01
-9.678000e+01 4.687800e+01
-9.625900e+01 4.687700e+01
-9.617400e+01 4.687700e+01
-9.650500e+01 4.687700e+01
-9.665200e+01 4.687700e+01
-9.665300e+01 4.687700e+01
-9.676700e+01 4.687600e+01
-9.674400e+01 4.687600e+01
-9.674600e+01 4.687500e+01
-9.677700e+01 4.687500e+01
-9.676700e+01 4.687500e+01
-9.676700e+01 4.687400e+01
-9.677600e+01 4.687400e+01
-9.228000e+01 4.686500e+01
-9.221600e+01 4.686500e+01
-9.215300e+01 4.686500e+01
-9.205900e+01 4.686500e+01
-9.507000e+01 4.686300e+01
-9.472300e+01 4.686200e+01
-9.228000e+01 4.685300e+01
-9.227500e+01 4.685100e+01
-9.228000e+01 4.685100e+01
-9.676800e+01 4.685100e+01
-9.665200e+01 4.685000e+01
-9.434800e+01 4.684900e+01
-9.678000e+01 4.684800e+01
-9.677500e+01 4.684700e+01
-9.669500e+01 4.684700e+01
-9.676800e+01 4.684700e+01
-9.666000e+01 4.684700e+01
-9.676000e+01 4.684700e+01
-9.241700e+01 4.684700e+01
-9.665200e+01 4.684600e+01
-9.664300e+01 4.684500e+01
-9.245700e+01 4.684500e+01
-9.225900e+01 4.684400e+01
-9.228000e+01 4.684400e+01
-9.230100e+01 4.684400e+01
-9.199600e+01 4.684400e+01
-9.676800e+01 4.684400e+01
-9.224000e+01 4.683700e+01
-9.217400e+01 4.683700e+01
-9.450200e+01 4.683500e+01
-9.585600e+01 4.683300e+01
-9.676800e+01 4.683300e+01
-9.587000e+01 4.682700e+01
-9.585300e+01 4.682600e+01
-9.581600e+01 4.682500e+01
-9.585600e+01 4.682300e+01
-9.450200e+01 4.682000e+01
-9.217400e+01 4.681500e+01
-9.587100e+01 4.681100e+01
-9.206100e+01 4.680900e+01
-9.510500e+01 4.680500e+01
-9.215400e+01 4.680400e+01
-9.676700e+01 4.680400e+01
-9.472200e+01 4.680400e+01
-9.470200e+01 4.680400e+01
-9.395500e+01 4.680400e+01
-9.466000e+01 4.680400e+01
-9.679600e+01 4.680300e+01
-9.210700e+01 4.679700e+01
-9.210700e+01 4.679600e+01
-9.230000e+01 4.679300e+01
-9.209800e+01 4.678700e+01
-9.209600e+01 4.678600e+01
-9.210800e+01 4.678400e+01
-9.228000e+01 4.678300e+01
-9.210800e+01 4.677900e+01
-9.579500e+01 4.677900e+01
-9.210600e+01 4.677800e+01
-9.210800e+01 4.677700e+01
-9.211000e+01 4.677600e+01
-9.211900e+01 4.676900e+01
-9.211500e+01 4.676800e+01
-9.288200e+01 4.676600e+01
-9.212500e+01 4.676600e+01
-9.245300e+01 4.676500e+01
-9.212300e+01 4.676500e+01
-9.228000e+01 4.676500e+01
-9.211800e+01 4.676400e+01
-9.212500e+01 4.676200e+01
-9.210800e+01 4.675900e+01
-9.211000e+01 4.675800e+01
-9.210600e+01 4.675600e+01
-9.509700e+01 4.675400e+01
-9.210400e+01 4.675400e+01
-9.210100e+01 4.674900e+01
-9.516300e+01 4.674700e+01
-9.215200e+01 4.674400e+01
-9.215400e+01 4.674300e+01
-9.215600e+01 4.674100e+01
-9.215200e+01 4.674100e+01
-9.413400e+01 4.674000e+01
-9.217600e+01 4.673700e+01
-9.217300e+01 4.673600e+01
-9.217000e+01 4.673600e+01
-9.217500e+01 4.673500e+01
-9.219800e+01 4.673400e+01
-9.220500e+01 4.673300e+01
-9.220200e+01 4.673200e+01
-9.395800e+01 4.673100e+01
-9.214300e+01 4.673100e+01
-9.220300e+01 4.673000e+01
-9.223700e+01 4.672200e+01
-9.246100e+01 4.672200e+01
-9.571700e+01 4.672000e+01
-9.440300e+01 4.671800e+01
-9.590000e+01 4.671700e+01
-9.571000e+01 4.671600e+01
-9.228000e+01 4.671100e+01
-9.227300e+01 4.671000e+01
-9.360100e+01 4.671000e+01
-9.330700e+01 4.671000e+01
-9.227900e+01 4.670800e+01
-9.228500e+01 4.670600e+01
-9.230600e+01 4.670600e+01
-9.227800e+01 4.670500e+01
-9.229400e+01 4.670400e+01
-9.241600e+01 4.670400e+01
-9.230100e+01 4.670300e+01
-9.242400e+01 4.670300e+01
-9.230600e+01 4.670300e+01
-9.242500e+01 4.670200e+01
-9.241900e+01 4.670000e+01
-9.242200e+01 4.670000e+01
-9.242700e+01 4.670000e+01
-9.243100e+01 4.670000e+01
-9.227800e+01 4.669900e+01
-9.242800e+01 4.669700e+01
-9.242800e+01 4.669600e+01
-9.245700e+01 4.669300e+01
-9.245400e+01 4.669100e+01
-9.245700e+01 4.669000e+01
-9.245900e+01 4.668600e+01
-9.642000e+01 4.668200e+01
-9.242800e+01 4.668100e+01
-9.642800e+01 4.668000e+01
-9.288400e+01 4.668000e+01
-9.246400e+01 4.667800e+01
-9.642000e+01 4.667800e+01
-9.246200e+01 4.667800e+01
-9.243700e+01 4.667800e+01
-9.226100e+01 4.667800e+01
-9.641300e+01 4.667700e+01
-9.642000e+01 4.667400e+01
-9.268100e+01 4.667200e+01
-9.222600e+01 4.667000e+01
-9.411300e+01 4.666700e+01
-9.247200e+01 4.666700e+01
-9.242400e+01 4.666700e+01
-9.639900e+01 4.666500e+01
-9.579900e+01 4.666500e+01
-9.248300e+01 4.666400e+01
-9.247700e+01 4.666400e+01
-9.247200e+01 4.666300e+01
-9.228000e+01 4.666100e+01
-9.434500e+01 4.666100e+01
-9.617300e+01 4.666000e+01
-9.248200e+01 4.666000e+01
-9.642000e+01 4.666000e+01
-9.640200e+01 4.666000e+01
-9.638700e+01 4.666000e+01
-9.639500e+01 4.666000e+01
-9.675800e+01 4.665900e+01
-9.623500e+01 4.665900e+01
-9.228400e+01 4.665900e+01
-9.602700e+01 4.665900e+01
-9.565500e+01 4.665800e+01
-9.220200e+01 4.665800e+01
-9.222600e+01 4.665600e+01
-9.229200e+01 4.665500e+01
-9.639000e+01 4.665400e+01
-9.306400e+01 4.665300e+01
-9.488400e+01 4.663100e+01
-9.644500e+01 4.663100e+01
-9.636400e+01 4.663100e+01
-9.675700e+01 4.663000e+01
-9.509500e+01 4.663000e+01
-9.331700e+01 4.661000e+01
-9.361200e+01 4.660900e+01
-9.329100e+01 4.660900e+01
-9.557400e+01 4.658000e+01
-9.608300e+01 4.657100e+01
-9.608300e+01 4.657000e+01
-9.631900e+01 4.656300e+01
-9.628100e+01 4.655900e+01
-9.630900e+01 4.655900e+01
-9.631500e+01 4.655800e+01
-9.557400e+01 4.655700e+01
-9.631200e+01 4.655400e+01
-9.395800e+01 4.654600e+01
-9.370700e+01 4.653300e+01
-9.370700e+01 4.652600e+01
-9.381100e+01 4.651600e+01
-9.532100e+01 4.649500e+01
-9.628000e+01 4.648300e+01
-9.395700e+01 4.648200e+01
-9.395700e+01 4.648000e+01
-9.389900e+01 4.647400e+01
-9.417200e+01 4.646100e+01
-9.272800e+01 4.645600e+01
-9.286400e+01 4.645600e+01
-9.276200e+01 4.645500e+01
-9.273500e+01 4.645300e+01
-9.273000e+01 4.645300e+01
-9.273200e+01 4.645000e+01
-9.515500e+01 4.644900e+01
-9.326200e+01 4.644800e+01
-9.305500e+01 4.644700e+01
-9.513600e+01 4.644200e+01
-9.515500e+01 4.644200e+01
-9.274200e+01 4.644100e+01
-9.513800e+01 4.643900e+01
-9.274500e+01 4.643600e+01
-9.275200e+01 4.643500e+01
-9.274900e+01 4.643100e+01
-9.557900e+01 4.642700e+01
-9.275500e+01 4.641800e+01
-9.249800e+01 4.641800e+01
-9.532100e+01 4.638700e+01
-9.417600e+01 4.638300e+01
-9.415800e+01 4.637300e+01
-9.511400e+01 4.636900e+01
-9.489900e+01 4.636900e+01
-9.417700e+01 4.636200e+01
-9.420000e+01 4.635800e+01
-9.479300e+01 4.635600e+01
-9.479200e+01 4.635600e+01
-9.422300e+01 4.635600e+01
-9.420000e+01 4.635300e+01
-9.419500e+01 4.635300e+01
-9.424400e+01 4.635200e+01
-9.414600e+01 4.635200e+01
-9.415600e+01 4.635200e+01
-9.387000e+01 4.634500e+01
-9.613700e+01 4.634400e+01
-9.375200e+01 4.634400e+01
-9.464200e+01 4.634400e+01
-9.612800e+01 4.634300e+01
-9.464400e+01 4.634200e+01
-9.432700e+01 4.634100e+01
-9.464700e+01 4.634100e+01
-9.613200e+01 4.634100e+01
-9.612800e+01 4.634000e+01
-9.465300e+01 4.634000e+01
-9.612400e+01 4.634000e+01
-9.351700e+01 4.633400e+01
-9.612200e+01 4.633000e+01
-9.532100e+01 4.632600e+01
-9.515500e+01 4.632600e+01
-9.509500e+01 4.632600e+01
-9.421000e+01 4.632400e+01
-9.543700e+01 4.631700e+01
-9.381000e+01 4.631400e+01
-9.609400e+01 4.631200e+01
-9.612200e+01 4.629700e+01
-9.382400e+01 4.629500e+01
-9.612200e+01 4.629300e+01
-9.659600e+01 4.629000e+01
-9.659100e+01 4.629000e+01
-9.611600e+01 4.629000e+01
-9.612300e+01 4.628900e+01
-9.612000e+01 4.628900e+01
-9.611800e+01 4.628600e+01
-9.607700e+01 4.628400e+01
-9.658700e+01 4.628300e+01
-9.657800e+01 4.628200e+01
-9.627700e+01 4.628200e+01
-9.571300e+01 4.627500e+01
-9.604000e+01 4.627300e+01
-9.610400e+01 4.627000e+01
-9.605500e+01 4.627000e+01
-9.610000e+01 4.626800e+01
-9.606800e+01 4.626400e+01
-9.659900e+01 4.626400e+01
-9.658800e+01 4.626300e+01
-9.608500e+01 4.625800e+01
-9.607800e+01 4.625300e+01
-9.352600e+01 4.624700e+01
-9.604300e+01 4.624300e+01
-9.380800e+01 4.624300e+01
-9.327700e+01 4.621700e+01
-9.305400e+01 4.621600e+01
-9.350000e+01 4.621200e+01
-9.601900e+01 4.621200e+01
-9.602300e+01 4.621100e+01
-9.343000e+01 4.621100e+01
-9.601900e+01 4.620800e+01
-9.601400e+01 4.620500e+01
-9.601900e+01 4.620400e+01
-9.649300e+01 4.618800e+01
-9.285500e+01 4.618300e+01
-9.285600e+01 4.618000e+01
-9.286000e+01 4.618000e+01
-9.286600e+01 4.618000e+01
-9.285300e+01 4.618000e+01
-9.285800e+01 4.617700e+01
-9.286600e+01 4.617100e+01
-9.286600e+01 4.617000e+01
-9.327700e+01 4.615900e+01
-9.435700e+01 4.615700e+01
-9.410300e+01 4.615600e+01
-9.532800e+01 4.614800e+01
-9.346200e+01 4.614200e+01
-9.288800e+01 4.612900e+01
-9.288300e+01 4.612500e+01
-9.288800e+01 4.612500e+01
-9.551100e+01 4.612200e+01
-9.288800e+01 4.612100e+01
-9.343300e+01 4.611800e+01
-9.328300e+01 4.611600e+01
-9.343200e+01 4.611100e+01
-9.364500e+01 4.610900e+01
-9.599800e+01 4.610800e+01
-9.589600e+01 4.610800e+01
-9.571100e+01 4.610800e+01
-9.532300e+01 4.610700e+01
-9.575000e+01 4.610700e+01
-9.575300e+01 4.610700e+01
-9.576900e+01 4.610000e+01
-9.436800e+01 4.609300e+01
-9.450300e+01 4.608700e+01
-9.436800e+01 4.607800e+01
-9.381000e+01 4.607800e+01
-9.365700e+01 4.607300e+01
-9.432800e+01 4.607300e+01
-9.656600e+01 4.605100e+01
-9.649400e+01 4.604800e+01
-9.583200e+01 4.604000e+01
-9.583800e+01 4.603900e+01
-9.626600e+01 4.603600e+01
-9.583200e+01 4.603600e+01
-9.634500e+01 4.603600e+01
-9.599700e+01 4.603600e+01
-9.582600e+01 4.603300e+01
-9.410400e+01 4.602700e+01
-9.633300e+01 4.602200e+01
-9.649400e+01 4.602200e+01
-9.293000e+01 4.601400e+01
-9.244400e+01 4.601200e+01
-9.577000e+01 4.601200e+01
-9.294300e+01 4.601100e+01
-9.293600e+01 4.601100e+01
-9.292800e+01 4.601100e+01
-9.293200e+01 4.601100e+01
-9.293300e+01 4.600800e+01
-9.434500e+01 4.600700e+01
-9.573300e+01 4.600300e+01
-9.438600e+01 4.600200e+01
-9.437800e+01 4.600100e+01
-9.343200e+01  46
-9.434100e+01  46
-9.573500e+01 4.599900e+01
-9.572900e+01 4.599900e+01
-9.434800e+01 4.599800e+01
-9.434600e+01 4.599700e+01
-9.343200e+01 4.599600e+01
-9.572600e+01 4.599500e+01
-9.597600e+01 4.599400e+01
-9.433900e+01 4.599200e+01
-9.576900e+01 4.599200e+01
-9.437200e+01 4.599200e+01
-9.435100e+01 4.599100e+01
-9.433900e+01 4.599100e+01
-9.433900e+01 4.598700e+01
-9.343200e+01 4.598500e+01
-9.410500e+01 4.598300e+01
-9.380500e+01 4.598300e+01
-9.366200e+01 4.598200e+01
-9.434000e+01 4.598100e+01
-9.295500e+01 4.597900e+01
-9.437100e+01 4.597700e+01
-9.439100e+01 4.597700e+01
-9.295500e+01 4.597700e+01
-9.464800e+01 4.597700e+01
-9.461900e+01 4.597700e+01
-9.436200e+01 4.597600e+01
-9.486400e+01 4.597600e+01
-9.295800e+01 4.597600e+01
-9.434600e+01 4.597600e+01
-9.434000e+01 4.597600e+01
-9.433200e+01 4.597500e+01
-9.295600e+01 4.597400e+01
-9.434000e+01 4.597100e+01
-9.410600e+01 4.597000e+01
-9.436400e+01 4.596300e+01
-9.435600e+01 4.596300e+01
-9.435600e+01 4.594700e+01
-9.626600e+01 4.594700e+01
-9.435900e+01 4.594700e+01
-9.309800e+01 4.594100e+01
-9.435400e+01 4.593700e+01
-9.625500e+01 4.593500e+01
-9.435300e+01 4.593500e+01
-9.625300e+01 4.593300e+01
-9.314300e+01 4.592800e+01
-9.464300e+01 4.591800e+01
-9.533400e+01 4.591100e+01
-9.588800e+01 4.590600e+01
-9.488800e+01 4.589000e+01
-9.536600e+01 4.588900e+01
-9.532500e+01 4.588600e+01
-9.328900e+01 4.587500e+01
-9.514000e+01 4.586500e+01
-9.514100e+01 4.586500e+01
-9.657300e+01 4.586100e+01
-9.649000e+01 4.586100e+01
-9.543000e+01 4.586000e+01
-9.543000e+01 4.586000e+01
-9.538600e+01 4.586000e+01
-9.540800e+01 4.586000e+01
-9.329700e+01 4.585400e+01
-9.538800e+01 4.584700e+01
-9.539200e+01 4.584500e+01
-9.538800e+01 4.584500e+01
-9.538800e+01 4.584400e+01
-9.538300e+01 4.584300e+01
-9.538800e+01 4.584100e+01
-9.515200e+01 4.583600e+01
-9.514900e+01 4.583300e+01
-9.515600e+01 4.583300e+01
-9.516300e+01 4.583300e+01
-9.575800e+01 4.583300e+01
-9.579700e+01 4.583200e+01
-9.588200e+01 4.583200e+01
-9.341000e+01 4.583200e+01
-9.514000e+01 4.583000e+01
-9.343100e+01 4.582900e+01
-9.409400e+01 4.582300e+01
-9.428700e+01 4.582300e+01
-9.614300e+01 4.580900e+01
-9.575800e+01 4.580800e+01
-9.649000e+01 4.580400e+01
-9.314200e+01 4.580400e+01
-9.625400e+01 4.580300e+01
-9.649000e+01 4.580300e+01
-9.351600e+01 4.580000e+01
-9.365400e+01 4.578800e+01
-9.486400e+01 4.577500e+01
-9.494300e+01 4.577400e+01
-9.488500e+01 4.577400e+01
-9.505000e+01 4.577400e+01
-9.278100e+01 4.577300e+01
-9.299000e+01 4.577100e+01
-9.299400e+01 4.576700e+01
-9.298600e+01 4.576700e+01
-9.298900e+01 4.576700e+01
-9.299000e+01 4.576300e+01
-9.362900e+01 4.576000e+01
-9.564400e+01 4.576000e+01
-9.588200e+01 4.576000e+01
-9.607900e+01 4.576000e+01
-9.315800e+01 4.576000e+01
-9.314200e+01 4.576000e+01
-9.538300e+01 4.575900e+01
-9.421400e+01 4.575600e+01
-9.493800e+01 4.575200e+01
-9.365000e+01 4.575100e+01
-9.408800e+01 4.575100e+01
-9.409000e+01 4.575000e+01
-9.413200e+01 4.575000e+01
-9.426200e+01 4.574800e+01
-9.426400e+01 4.574700e+01
-9.341600e+01 4.573200e+01
-9.322700e+01 4.573100e+01
-9.316800e+01 4.573100e+01
-9.299200e+01 4.573100e+01
-9.364200e+01 4.572900e+01
-9.495200e+01 4.572400e+01
-9.495800e+01 4.572200e+01
-9.495200e+01 4.572000e+01
-9.376200e+01 4.572000e+01
-9.494700e+01 4.571900e+01
-9.495300e+01 4.571700e+01
-9.495300e+01 4.571600e+01
-9.513900e+01 4.571500e+01
-9.319200e+01 4.570600e+01
-9.488400e+01 4.569800e+01
-9.488000e+01 4.569600e+01
-9.487600e+01 4.569400e+01
-9.488100e+01 4.569400e+01
-9.538600e+01 4.567600e+01
-9.392100e+01 4.566400e+01
-9.539000e+01 4.565000e+01
-9.420800e+01 4.565000e+01
-9.536900e+01 4.564800e+01
-9.417500e+01 4.562800e+01
-9.429000e+01 4.562300e+01
-9.417300e+01 4.562300e+01
-9.417000e+01 4.561800e+01
-9.417400e+01 4.561700e+01
-9.420300e+01 4.561500e+01
-9.553200e+01 4.561500e+01
-9.553100e+01 4.561500e+01
-9.575800e+01 4.561500e+01
-9.422800e+01 4.560800e+01
-9.426100e+01 4.560800e+01
-9.588400e+01 4.560700e+01
-9.588400e+01 4.560600e+01
-9.685700e+01 4.560600e+01
-9.685500e+01 4.560400e+01
-9.685200e+01 4.560100e+01
-9.418500e+01 4.560100e+01
-9.592800e+01 4.560000e+01
-9.684400e+01 4.559800e+01
-9.418700e+01 4.559800e+01
-9.418900e+01 4.559600e+01
-9.360100e+01 4.559500e+01
-9.419100e+01 4.559500e+01
-9.592000e+01 4.559200e+01
-9.424600e+01 4.559100e+01
-9.391300e+01 4.559000e+01
-9.376000e+01 4.558900e+01
-9.436800e+01 4.558900e+01
-9.351200e+01 4.558800e+01
-9.416500e+01 4.558800e+01
-9.338900e+01 4.558700e+01
-9.416900e+01 4.558700e+01
-9.321500e+01 4.558600e+01
-9.680900e+01 4.558600e+01
-9.417100e+01 4.558600e+01
-9.591400e+01 4.558600e+01
-9.405500e+01 4.558600e+01
-9.642600e+01 4.558500e+01
-9.321300e+01 4.558500e+01
-9.435800e+01 4.558300e+01
-9.591100e+01 4.558300e+01
-9.435200e+01 4.558200e+01
-9.321700e+01 4.558200e+01
-9.409000e+01 4.558100e+01
-9.413200e+01 4.558100e+01
-9.321000e+01 4.558100e+01
-9.411100e+01 4.557900e+01
-9.359900e+01 4.557700e+01
-9.361400e+01 4.557700e+01
-9.593300e+01 4.557600e+01
-9.413300e+01 4.557600e+01
-9.358000e+01 4.557400e+01
-9.320200e+01 4.557300e+01
-9.324800e+01 4.557300e+01
-9.321100e+01 4.557300e+01
-9.322400e+01 4.557300e+01
-9.591200e+01 4.557200e+01
-9.643100e+01 4.557200e+01
-9.624100e+01 4.557100e+01
-9.589800e+01 4.557000e+01
-9.435400e+01 4.557000e+01
-9.359800e+01 4.557000e+01
-9.358000e+01 4.557000e+01
-9.414000e+01 4.556900e+01
-9.590300e+01 4.556800e+01
-9.431800e+01 4.556800e+01
-9.413500e+01 4.556700e+01
-9.430600e+01 4.556700e+01
-9.591200e+01 4.556600e+01
-9.413900e+01 4.556600e+01
-9.420500e+01 4.556600e+01
-9.589200e+01 4.556600e+01
-9.414200e+01 4.556500e+01
-9.413600e+01 4.556300e+01
-9.434300e+01 4.556100e+01
-9.415200e+01 4.556100e+01
-9.433600e+01 4.556000e+01
-9.391400e+01 4.556000e+01
-9.359400e+01 4.555900e+01
-9.413100e+01 4.555900e+01
-9.358200e+01 4.555900e+01
-9.434000e+01 4.555800e+01
-9.434300e+01 4.555600e+01
-9.426000e+01 4.555500e+01
-9.433600e+01 4.555500e+01
-9.358500e+01 4.555400e+01
-9.420500e+01 4.555300e+01
-9.322700e+01 4.555100e+01
-9.420500e+01 4.555000e+01
-9.323200e+01 4.554400e+01
-9.410900e+01 4.554200e+01
-9.421000e+01 4.553700e+01
-9.426500e+01 4.553700e+01
-9.429000e+01 4.551900e+01
-9.428100e+01 4.551800e+01
-9.302200e+01 4.551700e+01
-9.428400e+01 4.551500e+01
-9.299300e+01 4.551400e+01
-9.428800e+01 4.551200e+01
-9.299000e+01 4.551100e+01
-9.427800e+01 4.551000e+01
-9.299300e+01 4.551000e+01
-9.299700e+01 4.551000e+01
-9.299300e+01 4.550700e+01
-9.513100e+01 4.550300e+01
-9.423600e+01 4.550200e+01
-9.423300e+01 4.549800e+01
-9.424000e+01 4.549800e+01
-9.424800e+01 4.549800e+01
-9.415700e+01 4.549600e+01
-9.415000e+01 4.549600e+01
-9.424300e+01 4.549400e+01
-9.415100e+01 4.549400e+01
-9.415100e+01 4.549200e+01
-9.414700e+01 4.548800e+01
-9.574700e+01 4.545300e+01
-9.500700e+01 4.545300e+01
-9.442900e+01 4.545300e+01
-9.498700e+01 4.545200e+01
-9.399600e+01 4.544700e+01
-9.404300e+01 4.541800e+01
-9.323500e+01 4.541500e+01
-9.323500e+01 4.541400e+01
-9.405400e+01 4.541400e+01
-9.336700e+01 4.541400e+01
-9.406000e+01 4.541300e+01
-9.487600e+01 4.541300e+01
-9.478400e+01 4.541300e+01
-9.571000e+01 4.541200e+01
-9.591200e+01 4.541200e+01
-9.500800e+01 4.541200e+01
-9.556200e+01 4.541200e+01
-9.405700e+01 4.541200e+01
-9.405900e+01 4.541000e+01
-9.405300e+01 4.541000e+01
-9.390100e+01 4.540800e+01
-9.265000e+01 4.540200e+01
-9.265200e+01 4.540100e+01
-9.326000e+01 4.539900e+01
-9.336700e+01 4.539900e+01
-9.323500e+01 4.539900e+01
-9.478200e+01 4.538800e+01
-9.476300e+01 4.538800e+01
-9.334700e+01 4.538700e+01
-9.356300e+01 4.538600e+01
-9.314200e+01 4.538500e+01
-9.319000e+01 4.538500e+01
-9.328600e+01 4.538500e+01
-9.270400e+01 4.538300e+01
-9.472900e+01 4.537900e+01
-9.310900e+01 4.536500e+01
-9.381900e+01 4.535700e+01
-9.525500e+01 4.535500e+01
-9.476300e+01 4.535500e+01
-9.301900e+01 4.534200e+01
-9.300400e+01 4.534000e+01
-9.300700e+01 4.533700e+01
-9.300400e+01 4.533600e+01
-9.300100e+01 4.533600e+01
-9.300400e+01 4.533300e+01
-9.374400e+01 4.533300e+01
-9.374500e+01 4.533300e+01
-9.314300e+01 4.533100e+01
-9.500900e+01 4.532900e+01
-9.347000e+01 4.532800e+01
-9.340200e+01 4.532800e+01
-9.314200e+01 4.532600e+01
-9.466800e+01 4.532600e+01
-9.456900e+01 4.532600e+01
-9.462500e+01 4.532600e+01
-9.441400e+01 4.532600e+01
-9.466700e+01 4.532500e+01
-9.328000e+01 4.532400e+01
-9.273100e+01 4.532200e+01
-9.271000e+01 4.532200e+01
-9.326400e+01 4.532000e+01
-9.334700e+01 4.532000e+01
-9.330600e+01 4.531900e+01
-9.323600e+01 4.531900e+01
-9.429900e+01 4.531600e+01
-9.560100e+01 4.531500e+01
-9.560000e+01 4.531500e+01
-9.438300e+01 4.531200e+01
-9.440900e+01 4.531200e+01
-9.560300e+01 4.531000e+01
-9.379100e+01 4.531000e+01
-9.379200e+01 4.530900e+01
-9.363400e+01 4.530800e+01
-9.379400e+01 4.530500e+01
-9.356700e+01 4.530400e+01
-9.355500e+01 4.530300e+01
-9.314200e+01 4.530200e+01
-9.379700e+01 4.530100e+01
-9.350000e+01 4.530000e+01
-9.380400e+01 4.530000e+01
-9.351100e+01 4.529900e+01
-9.351000e+01 4.529900e+01
-9.644000e+01 4.529900e+01
-9.350000e+01 4.529900e+01
-9.334700e+01 4.529900e+01
-9.341000e+01 4.529900e+01
-9.379900e+01 4.529900e+01
-9.643900e+01 4.529900e+01
-9.330600e+01 4.529800e+01
-9.426100e+01 4.529800e+01
-9.643000e+01 4.529800e+01
-9.611700e+01 4.529800e+01
-9.379300e+01 4.529700e+01
-9.300200e+01 4.529700e+01
-9.298600e+01 4.529700e+01
-9.297400e+01 4.529700e+01
-9.276900e+01 4.529600e+01
-9.380000e+01 4.529600e+01
-9.377000e+01 4.529400e+01
-9.376700e+01 4.529200e+01
-9.645300e+01 4.529200e+01
-9.300200e+01 4.529100e+01
-9.494000e+01 4.529100e+01
-9.355500e+01 4.529100e+01
-9.642900e+01 4.529100e+01
-9.298000e+01 4.529000e+01
-9.298400e+01 4.529000e+01
-9.376800e+01 4.529000e+01
-9.299900e+01 4.529000e+01
-9.376100e+01 4.528900e+01
-9.300200e+01 4.528900e+01
-9.298400e+01 4.528900e+01
-9.366400e+01 4.528900e+01
-9.355800e+01 4.528900e+01
-9.314000e+01 4.528700e+01
-9.308000e+01 4.528700e+01
-9.301900e+01 4.528600e+01
-9.431200e+01 4.528300e+01
-9.300300e+01 4.528300e+01
-9.374900e+01 4.528300e+01
-9.591200e+01 4.528300e+01
-9.300300e+01 4.528300e+01
-9.356000e+01 4.528100e+01
-9.300800e+01 4.528000e+01
-9.408200e+01 4.528000e+01
-9.300700e+01 4.527900e+01
-9.300300e+01 4.527900e+01
-9.300400e+01 4.527600e+01
-9.418000e+01 4.527500e+01
-9.300800e+01 4.526900e+01
-9.334700e+01 4.526300e+01
-9.412400e+01 4.526200e+01
-9.296300e+01 4.526100e+01
-9.296300e+01 4.526100e+01
-9.297300e+01 4.526100e+01
-9.298300e+01 4.526000e+01
-9.629600e+01 4.526000e+01
-9.301900e+01 4.525800e+01
-9.277100e+01 4.525700e+01
-9.280400e+01 4.525600e+01
-9.298300e+01 4.525400e+01
-9.302200e+01 4.525400e+01
-9.289000e+01 4.525400e+01
-9.351200e+01 4.525200e+01
-9.301900e+01 4.525100e+01
-9.351100e+01 4.525100e+01
-9.302000e+01 4.525100e+01
-9.302400e+01 4.525000e+01
-9.629200e+01 4.524900e+01
-9.302600e+01 4.524700e+01
-9.407600e+01 4.524400e+01
-9.366300e+01 4.524300e+01
-9.366900e+01 4.524300e+01
-9.366300e+01 4.524200e+01
-9.366300e+01 4.524100e+01
-9.366300e+01 4.523800e+01
-9.364800e+01 4.523800e+01
-9.364500e+01 4.523500e+01
-9.302900e+01 4.522800e+01
-9.355200e+01 4.522700e+01
-9.352200e+01 4.522600e+01
-9.610300e+01 4.522000e+01
-9.359900e+01 4.522000e+01
-9.302900e+01 4.521900e+01
-9.302900e+01 4.521800e+01
-9.359600e+01 4.521800e+01
-9.359400e+01 4.521700e+01
-9.359900e+01 4.521700e+01
-9.303300e+01 4.521500e+01
-9.363700e+01 4.521100e+01
-9.358300e+01 4.521000e+01
-9.358400e+01 4.521000e+01
-9.355200e+01 4.521000e+01
-9.602000e+01 4.521000e+01
-9.309400e+01 4.521000e+01
-9.366400e+01 4.521000e+01
-9.352600e+01 4.521000e+01
-9.351700e+01 4.521000e+01
-9.344900e+01 4.521000e+01
-9.302900e+01 4.520900e+01
-9.362500e+01 4.520900e+01
-9.339000e+01 4.520500e+01
-9.386300e+01 4.520500e+01
-9.335800e+01 4.520400e+01
-9.361700e+01 4.520200e+01
-9.500200e+01 4.520000e+01
-9.277000e+01 4.519900e+01
-9.344200e+01 4.519900e+01
-9.355200e+01 4.519900e+01
-9.334000e+01 4.519800e+01
-9.323400e+01 4.519700e+01
-9.355700e+01 4.519700e+01
-9.601900e+01 4.519700e+01
-9.310000e+01 4.519700e+01
-9.298200e+01 4.519600e+01
-9.288200e+01 4.519600e+01
-9.360700e+01 4.519600e+01
-9.355200e+01 4.519500e+01
-9.282700e+01 4.519500e+01
-9.307300e+01 4.519300e+01
-9.307200e+01 4.519300e+01
-9.354700e+01 4.519200e+01
-9.340300e+01 4.519200e+01
-9.355200e+01 4.519200e+01
-9.339500e+01 4.519100e+01
-9.339600e+01 4.518900e+01
-9.388600e+01 4.518900e+01
-9.277200e+01 4.518800e+01
-9.344200e+01 4.518800e+01
-9.387600e+01 4.518500e+01
-9.354000e+01 4.518300e+01
-9.311200e+01 4.518200e+01
-9.387600e+01 4.518200e+01
-9.310900e+01 4.518100e+01
-9.311100e+01 4.518100e+01
-9.311300e+01 4.518000e+01
-9.386300e+01 4.518000e+01
-9.387200e+01 4.518000e+01
-9.311700e+01 4.517900e+01
-9.387600e+01 4.517300e+01
-9.354200e+01 4.517200e+01
-9.352700e+01 4.517200e+01
-9.352600e+01 4.517200e+01
-9.352100e+01 4.517000e+01
-9.386000e+01 4.516800e+01
-9.303000e+01 4.516800e+01
-9.352500e+01 4.516700e+01
-9.387100e+01 4.516700e+01
-9.352100e+01 4.516600e+01
-9.524600e+01 4.516500e+01
-9.303000e+01 4.516400e+01
-9.302600e+01 4.516400e+01
-9.302000e+01 4.516400e+01
-9.303400e+01 4.516400e+01
-9.305600e+01 4.516400e+01
-9.352100e+01 4.516400e+01
-9.501600e+01 4.516100e+01
-9.303100e+01 4.516100e+01
-9.299300e+01 4.515900e+01
-9.279300e+01 4.515700e+01
-9.605700e+01 4.515700e+01
-9.366600e+01 4.515400e+01
-9.384700e+01 4.515400e+01
-9.352200e+01 4.515300e+01
-9.628700e+01 4.515300e+01
-9.467600e+01 4.515300e+01
-9.501700e+01 4.515300e+01
-9.354200e+01 4.515300e+01
-9.363500e+01 4.515300e+01
-9.350500e+01 4.515200e+01
-9.606200e+01 4.515200e+01
-9.349100e+01 4.515200e+01
-9.596000e+01 4.515200e+01
-9.389000e+01 4.515200e+01
-9.559300e+01 4.515100e+01
-9.346200e+01 4.515100e+01
-9.386800e+01 4.515100e+01
-9.468700e+01 4.514900e+01
-9.305600e+01 4.514800e+01
-9.276200e+01 4.514400e+01
-9.327000e+01 4.514200e+01
-9.346200e+01 4.513900e+01
-9.475700e+01 4.513900e+01
-9.641400e+01 4.513900e+01
-9.452900e+01 4.513900e+01
-9.628700e+01 4.513800e+01
-9.323500e+01 4.513400e+01
-9.287600e+01 4.513300e+01
-9.352500e+01 4.513100e+01
-9.352200e+01 4.513100e+01
-9.354200e+01 4.513100e+01
-9.363500e+01 4.513100e+01
-9.348800e+01 4.513100e+01
-9.329900e+01 4.512900e+01
-9.510400e+01 4.512900e+01
-9.287600e+01 4.512800e+01
-9.349000e+01 4.512700e+01
-9.289800e+01 4.512700e+01
-9.348500e+01 4.512700e+01
-9.304800e+01 4.512700e+01
-9.452800e+01 4.512500e+01
-9.348100e+01 4.512500e+01
-9.500300e+01 4.512500e+01
-9.321200e+01 4.512500e+01
-9.318800e+01 4.512400e+01
-9.304900e+01 4.512400e+01
-9.305700e+01 4.512400e+01
-9.305300e+01 4.512400e+01
-9.299000e+01 4.512400e+01
-9.300200e+01 4.512400e+01
-9.342500e+01 4.512300e+01
-9.348300e+01 4.512300e+01
-9.338900e+01 4.512300e+01
-9.298800e+01 4.512300e+01
-9.504300e+01 4.512200e+01
-9.330600e+01 4.512200e+01
-9.323700e+01 4.512000e+01
-9.506500e+01 4.512000e+01
-9.304900e+01 4.512000e+01
-9.449800e+01 4.512000e+01
-9.318800e+01 4.511900e+01
-9.298300e+01 4.511900e+01
-9.298400e+01 4.511900e+01
-9.298500e+01 4.511900e+01
-9.298700e+01 4.511600e+01
-9.319300e+01 4.511600e+01
-9.318800e+01 4.511600e+01
-9.318800e+01 4.511100e+01
-9.501400e+01 4.511000e+01
-9.510400e+01 4.511000e+01
-9.524700e+01 4.510900e+01
-9.590700e+01 4.510900e+01
-9.571700e+01 4.510800e+01
-9.559400e+01 4.510800e+01
-9.452300e+01 4.510300e+01
-9.299000e+01 4.510300e+01
-93 4.510300e+01
-9.345200e+01 4.509800e+01
-9.598000e+01 4.509800e+01
-9.299500e+01 4.509700e+01
-9.298400e+01 4.509700e+01
-9.510400e+01 4.509600e+01
-9.363600e+01 4.509500e+01
-9.364500e+01 4.509400e+01
-9.354300e+01 4.509300e+01
-9.300600e+01 4.509300e+01
-9.318700e+01 4.509200e+01
-9.503700e+01 4.509200e+01
-9.504200e+01 4.509200e+01
-9.344800e+01 4.509200e+01
-9.504200e+01 4.509000e+01
-9.343500e+01 4.509000e+01
-9.504700e+01 4.509000e+01
-9.506200e+01 4.508900e+01
-9.510400e+01 4.508900e+01
-9.318700e+01 4.508900e+01
-9.352300e+01 4.508700e+01
-9.318400e+01 4.508700e+01
-9.371700e+01 4.508700e+01
-9.373400e+01 4.508600e+01
-9.340200e+01 4.508500e+01
-9.318600e+01 4.508500e+01
-9.373200e+01 4.508500e+01
-9.292400e+01 4.508500e+01
-9.305200e+01 4.508500e+01
-9.340500e+01 4.508400e+01
-9.344700e+01 4.508300e+01
-9.340100e+01 4.508200e+01
-9.432300e+01 4.508100e+01
-9.339800e+01 4.508100e+01
-9.425600e+01 4.508100e+01
-9.431100e+01 4.508100e+01
-9.606200e+01 4.508000e+01
-9.419000e+01 4.508000e+01
-9.371700e+01 4.508000e+01
-9.340100e+01 4.507900e+01
-9.286300e+01 4.507900e+01
-9.317600e+01 4.507900e+01
-9.304500e+01 4.507900e+01
-9.305200e+01 4.507900e+01
-9.280400e+01 4.507900e+01
-9.280600e+01 4.507700e+01
-9.281200e+01 4.507700e+01
-9.296000e+01 4.507500e+01
-9.305200e+01 4.507300e+01
-9.328600e+01 4.507100e+01
-9.344600e+01 4.507100e+01
-9.330400e+01 4.507000e+01
-9.318500e+01 4.507000e+01
-9.329400e+01 4.507000e+01
-9.324700e+01 4.507000e+01
-9.328800e+01 4.507000e+01
-9.328600e+01 4.507000e+01
-9.329900e+01 4.506900e+01
-9.328300e+01 4.506900e+01
-9.328200e+01 4.506900e+01
-9.345100e+01 4.506900e+01
-9.325000e+01 4.506800e+01
-9.324700e+01 4.506800e+01
-9.328500e+01 4.506700e+01
-9.324400e+01 4.506700e+01
-9.318600e+01 4.506700e+01
-9.318100e+01 4.506700e+01
-9.344700e+01 4.506700e+01
-9.319000e+01 4.506700e+01
-9.364500e+01 4.506600e+01
-9.362500e+01 4.506600e+01
-9.363500e+01 4.506600e+01
-9.354300e+01 4.506500e+01
-9.322700e+01 4.506500e+01
-9.386900e+01 4.506500e+01
-9.391100e+01 4.506500e+01
-9.318600e+01 4.506400e+01
-9.330100e+01 4.506400e+01
-9.360200e+01 4.506400e+01
-9.344900e+01 4.506300e+01
-9.406800e+01 4.506100e+01
-9.407300e+01 4.506100e+01
-9.284600e+01 4.505900e+01
-9.292400e+01 4.505800e+01
-9.363500e+01 4.505700e+01
-9.286300e+01 4.505700e+01
-9.294500e+01 4.505700e+01
-9.280100e+01 4.505700e+01
-9.280600e+01 4.505600e+01
-9.357400e+01 4.505400e+01
-9.356300e+01 4.505200e+01
-9.363500e+01 4.505100e+01
-9.364100e+01 4.505100e+01
-9.371700e+01 4.505000e+01
-9.354200e+01 4.504600e+01
-9.306100e+01 4.504200e+01
-9.279500e+01 4.504100e+01
-9.309200e+01 4.503800e+01
-9.291900e+01 4.503800e+01
-9.306200e+01 4.503800e+01
-9.305500e+01 4.503700e+01
-9.306800e+01 4.503700e+01
-9.280800e+01 4.503600e+01
-9.294800e+01 4.503600e+01
-9.286300e+01 4.503600e+01
-9.291900e+01 4.503500e+01
-9.308200e+01 4.503500e+01
-9.284700e+01 4.503500e+01
-9.376700e+01 4.503500e+01
-9.298400e+01 4.503400e+01
-9.279000e+01 4.503400e+01
-9.308900e+01 4.503200e+01
-9.296500e+01 4.503200e+01
-9.295800e+01 4.503100e+01
-9.372700e+01 4.503000e+01
-9.296100e+01 4.503000e+01
-9.308900e+01 4.502900e+01
-9.296500e+01 4.502900e+01
-9.296000e+01 4.502800e+01
-9.372000e+01 4.502700e+01
-9.295900e+01 4.502600e+01
-9.280700e+01 4.502500e+01
-9.298400e+01 4.502000e+01
-9.279700e+01 4.501900e+01
-9.279700e+01 4.501800e+01
-9.280700e+01 4.501600e+01
-9.345600e+01 4.501500e+01
-9.318700e+01 4.501400e+01
-9.308900e+01 4.501300e+01
-9.346100e+01 4.501200e+01
-9.524700e+01 4.501200e+01
-9.345700e+01 4.501100e+01
-9.308900e+01 4.501100e+01
-9.308500e+01 4.501100e+01
-9.367800e+01 4.501100e+01
-9.606200e+01 4.501000e+01
-9.318200e+01 4.501000e+01
-9.318600e+01 4.501000e+01
-9.319200e+01 4.501000e+01
-9.309300e+01 4.501000e+01
-9.619600e+01 4.501000e+01
-9.366500e+01 4.501000e+01
-9.345200e+01 4.500900e+01
-9.619600e+01 4.500900e+01
-9.320400e+01 4.500800e+01
-9.308900e+01 4.500800e+01
-9.286100e+01 4.500700e+01
-9.645200e+01 4.500700e+01
-9.345700e+01 4.500600e+01
-9.320700e+01 4.500600e+01
-9.366600e+01 4.500400e+01
-9.277800e+01 4.499700e+01
-9.362000e+01 4.499400e+01
-9.366600e+01 4.499300e+01
-9.364600e+01 4.499300e+01
-9.372700e+01 4.499000e+01
-9.373200e+01 4.498800e+01
-9.334900e+01 4.498500e+01
-9.328300e+01 4.498400e+01
-9.328700e+01 4.498400e+01
-9.340000e+01 4.498300e+01
-9.327000e+01 4.498300e+01
-9.450200e+01 4.498000e+01
-9.376600e+01 4.497900e+01
-9.436800e+01 4.497900e+01
-9.405300e+01 4.497900e+01
-9.388800e+01 4.497800e+01
-9.376700e+01 4.497800e+01
-9.367200e+01 4.497800e+01
-9.328700e+01 4.497700e+01
-9.571600e+01 4.497700e+01
-9.340000e+01 4.497500e+01
-9.328400e+01 4.497500e+01
-9.328700e+01 4.497500e+01
-9.346000e+01 4.497400e+01
-9.339700e+01 4.497400e+01
-9.340000e+01 4.497300e+01
-9.340300e+01 4.497300e+01
-9.329300e+01 4.497300e+01
-9.334000e+01 4.497200e+01
-9.340000e+01 4.497200e+01
-9.405300e+01 4.497200e+01
-9.401200e+01 4.497200e+01
-9.387700e+01 4.497100e+01
-9.346000e+01 4.497100e+01
-9.346400e+01 4.497100e+01
-9.328700e+01 4.497100e+01
-9.345600e+01 4.497100e+01
-9.325200e+01 4.497100e+01
-9.333800e+01 4.497000e+01
-9.334100e+01 4.497000e+01
-9.334500e+01 4.497000e+01
-9.334200e+01 4.496800e+01
-9.346000e+01 4.496800e+01
-9.327400e+01 4.496700e+01
-9.325200e+01 4.496600e+01
-9.385200e+01 4.496600e+01
-9.324700e+01 4.496600e+01
-9.326500e+01 4.496600e+01
-9.326500e+01 4.496600e+01
-9.326900e+01 4.496500e+01
-9.397200e+01 4.496400e+01
-9.286200e+01 4.496400e+01
-9.277200e+01 4.496400e+01
-9.320200e+01 4.496400e+01
-9.279700e+01 4.496300e+01
-9.326900e+01 4.496300e+01
-9.405300e+01 4.496300e+01
-9.384500e+01 4.496200e+01
-9.275900e+01 4.496200e+01
-9.324800e+01 4.496200e+01
-9.276900e+01 4.496200e+01
-9.277100e+01 4.496200e+01
-9.277400e+01 4.496200e+01
-9.320200e+01 4.496000e+01
-9.277100e+01 4.496000e+01
-9.320700e+01 4.496000e+01
-9.309000e+01 4.496000e+01
-9.383900e+01 4.495900e+01
-9.319800e+01 4.495900e+01
-9.574700e+01 4.495600e+01
-9.309100e+01 4.495500e+01
-9.308000e+01 4.495400e+01
-9.286300e+01 4.495300e+01
-9.308200e+01 4.495300e+01
-9.304100e+01 4.495200e+01
-9.304600e+01 4.495200e+01
-9.303500e+01 4.495200e+01
-9.309600e+01 4.495200e+01
-9.295800e+01 4.495200e+01
-9.571700e+01 4.495200e+01
-9.309700e+01 4.495200e+01
-9.308100e+01 4.495100e+01
-9.309900e+01 4.495100e+01
-9.310600e+01 4.495100e+01
-9.304000e+01 4.495000e+01
-9.374700e+01 4.494900e+01
-9.569700e+01 4.494900e+01
-9.537300e+01 4.494900e+01
-9.287000e+01 4.494900e+01
-9.286300e+01 4.494900e+01
-9.285500e+01 4.494900e+01
-9.289100e+01 4.494900e+01
-9.295900e+01 4.494900e+01
-9.295400e+01 4.494900e+01
-9.547200e+01 4.494900e+01
-9.296300e+01 4.494900e+01
-9.310100e+01 4.494900e+01
-9.298400e+01 4.494900e+01
-9.376600e+01 4.494900e+01
-9.307900e+01 4.494800e+01
-9.304000e+01 4.494700e+01
-9.295900e+01 4.494600e+01
-9.286300e+01 4.494500e+01
-9.450200e+01 4.494500e+01
-9.334800e+01 4.494300e+01
-9.450200e+01 4.494300e+01
-9.450100e+01 4.494300e+01
-9.572800e+01 4.493900e+01
-9.368800e+01 4.493900e+01
-9.572700e+01 4.493700e+01
-9.366600e+01 4.493700e+01
-9.469600e+01 4.493600e+01
-9.645200e+01 4.493600e+01
-9.619600e+01 4.493600e+01
-9.606300e+01 4.493600e+01
-9.475800e+01 4.493600e+01
-9.504400e+01 4.493500e+01
-9.579800e+01 4.493500e+01
-9.524800e+01 4.493500e+01
-9.339600e+01 4.493400e+01
-9.573300e+01 4.493300e+01
-9.573700e+01 4.493200e+01
-9.296500e+01 4.493000e+01
-9.345200e+01 4.492800e+01
-9.570800e+01 4.492700e+01
-9.296900e+01 4.492600e+01
-9.344700e+01 4.492500e+01
-9.296400e+01 4.492500e+01
-9.345100e+01 4.492500e+01
-9.370100e+01 4.492400e+01
-9.345500e+01 4.492400e+01
-9.297200e+01 4.492300e+01
-9.345100e+01 4.492200e+01
-9.286300e+01 4.492000e+01
-9.289200e+01 4.492000e+01
-9.306500e+01 4.492000e+01
-9.374700e+01 4.491700e+01
-9.314400e+01 4.491300e+01
-9.374700e+01 4.491200e+01
-9.314100e+01 4.491200e+01
-9.298400e+01 4.491200e+01
-9.314300e+01 4.491100e+01
-9.436800e+01 4.490900e+01
-9.314200e+01 4.490800e+01
-9.546400e+01 4.490600e+01
-9.405200e+01 4.490600e+01
-9.401200e+01 4.490600e+01
-9.387000e+01 4.490600e+01
-9.381900e+01 4.490600e+01
-9.376700e+01 4.490500e+01
-9.376200e+01 4.490500e+01
-9.397100e+01 4.490500e+01
-9.313800e+01 4.490400e+01
-9.568500e+01 4.490400e+01
-9.278300e+01 4.490300e+01
-9.374800e+01 4.490200e+01
-9.319800e+01 4.489800e+01
-9.374900e+01 4.489700e+01
-9.436900e+01 4.489700e+01
-9.324700e+01 4.489600e+01
-9.434400e+01 4.489600e+01
-9.344400e+01 4.489500e+01
-9.327500e+01 4.489400e+01
-9.440600e+01 4.489300e+01
-9.470000e+01 4.489200e+01
-9.580200e+01 4.489200e+01
-9.503700e+01 4.489200e+01
-9.360800e+01 4.489100e+01
-9.359100e+01 4.489100e+01
-9.358600e+01 4.489100e+01
-9.344300e+01 4.489100e+01
-9.318500e+01 4.489100e+01
-9.286300e+01 4.489100e+01
-9.366200e+01 4.489100e+01
-9.289200e+01 4.489100e+01
-9.343900e+01 4.489100e+01
-9.290300e+01 4.489100e+01
-9.546300e+01 4.489100e+01
-9.548300e+01 4.489100e+01
-93 4.489100e+01
-9.300600e+01 4.489100e+01
-9.375100e+01 4.489100e+01
-9.339900e+01 4.489100e+01
-9.327000e+01 4.489100e+01
-9.327500e+01 4.489000e+01
-9.329900e+01 4.489000e+01
-9.329500e+01 4.489000e+01
-9.329000e+01 4.489000e+01
-9.327900e+01 4.489000e+01
-9.436900e+01 4.489000e+01
-9.335000e+01 4.489000e+01
-9.548300e+01 4.488900e+01
-9.300200e+01 4.488900e+01
-9.299900e+01 4.488800e+01
-9.299100e+01 4.488800e+01
-9.317900e+01 4.488800e+01
-9.344300e+01 4.488800e+01
-9.340900e+01 4.488700e+01
-9.300300e+01 4.488700e+01
-9.329600e+01 4.488600e+01
-9.313400e+01 4.488600e+01
-9.388800e+01 4.488600e+01
-9.405100e+01 4.488500e+01
-9.300600e+01 4.488500e+01
-9.397100e+01 4.488400e+01
-9.313800e+01 4.488400e+01
-9.314300e+01 4.488400e+01
-9.301600e+01 4.488300e+01
-9.316600e+01 4.488300e+01
-9.401000e+01 4.488200e+01
-9.300300e+01 4.488200e+01
-9.314100e+01 4.488000e+01
-9.401000e+01 4.488000e+01
-9.400900e+01 4.487800e+01
-9.306000e+01 4.487800e+01
-9.388800e+01 4.487700e+01
-9.397100e+01 4.487700e+01
-9.306400e+01 4.487500e+01
-9.306000e+01 4.487500e+01
-9.305600e+01 4.487500e+01
-9.290300e+01 4.487300e+01
-9.306000e+01 4.487200e+01
-9.437500e+01 4.487100e+01
-9.434500e+01 4.487100e+01
-9.294100e+01 4.487000e+01
-9.434300e+01 4.486900e+01
-9.343200e+01 4.486800e+01
-9.434000e+01 4.486700e+01
-9.314500e+01 4.486600e+01
-9.320400e+01 4.486500e+01
-9.342900e+01 4.486500e+01
-9.324700e+01 4.486500e+01
-9.329800e+01 4.486400e+01
-9.343500e+01 4.486400e+01
-9.314500e+01 4.486300e+01
-9.313900e+01 4.486300e+01
-9.320900e+01 4.486300e+01
-9.342400e+01 4.486200e+01
-9.320400e+01 4.486200e+01
-9.352000e+01 4.486200e+01
-9.342500e+01 4.486200e+01
-9.324700e+01 4.486200e+01
-9.324400e+01 4.486200e+01
-9.325000e+01 4.486200e+01
-9.321700e+01 4.486200e+01
-9.319800e+01 4.486200e+01
-9.315000e+01 4.486200e+01
-9.330200e+01 4.486200e+01
-9.335000e+01 4.486200e+01
-9.329800e+01 4.486200e+01
-9.339500e+01 4.486200e+01
-9.329400e+01 4.486200e+01
-9.381800e+01 4.486200e+01
-9.315000e+01 4.486100e+01
-9.324700e+01 4.486000e+01
-9.368700e+01 4.486000e+01
-9.339000e+01 4.485900e+01
-9.339500e+01 4.485900e+01
-9.340000e+01 4.485900e+01
-9.329800e+01 4.485900e+01
-9.314500e+01 4.485900e+01
-9.335400e+01 4.485900e+01
-9.366200e+01 4.485900e+01
-9.335000e+01 4.485900e+01
-9.314400e+01 4.485900e+01
-9.334500e+01 4.485800e+01
-9.290300e+01 4.485800e+01
-9.291800e+01 4.485800e+01
-9.339400e+01 4.485700e+01
-9.366000e+01 4.485200e+01
-9.378800e+01 4.485100e+01
-9.290300e+01 4.485000e+01
-9.288300e+01 4.484800e+01
-9.286300e+01 4.484800e+01
-9.279700e+01 4.484800e+01
-9.368000e+01 4.484700e+01
-9.343900e+01 4.484600e+01
-9.365500e+01 4.484600e+01
-9.312400e+01 4.484600e+01
-9.378100e+01 4.484500e+01
-9.378800e+01 4.484300e+01
-9.305900e+01 4.483300e+01
-9.323100e+01 4.482700e+01
-9.305900e+01 4.482500e+01
-9.306000e+01 4.482500e+01
-9.369100e+01 4.481800e+01
-9.352100e+01 4.481600e+01
-9.353800e+01 4.481200e+01
-9.367800e+01 4.481100e+01
-9.339900e+01 4.480800e+01
-9.365300e+01 4.480800e+01
-9.557000e+01 4.480700e+01
-9.554500e+01 4.480600e+01
-9.554400e+01 4.480600e+01
-9.619500e+01 4.480500e+01
-9.364400e+01 4.480500e+01
-9.353000e+01 4.480400e+01
-9.548300e+01 4.480400e+01
-9.554600e+01 4.480300e+01
-9.389200e+01 4.480200e+01
-9.329000e+01 4.480000e+01
-9.339900e+01 4.479900e+01
-9.352600e+01 4.479900e+01
-9.338700e+01 4.479800e+01
-9.548300e+01 4.479700e+01
-9.546300e+01 4.479600e+01
-9.340000e+01 4.479400e+01
-9.319700e+01 4.479400e+01
-9.340300e+01 4.479300e+01
-9.645200e+01 4.479200e+01
-9.580800e+01 4.479100e+01
-9.619500e+01 4.479100e+01
-9.341000e+01 4.479100e+01
-9.324200e+01 4.479000e+01
-9.320800e+01 4.479000e+01
-9.322100e+01 4.479000e+01
-9.320100e+01 4.479000e+01
-9.562400e+01 4.479000e+01
-9.360400e+01 4.478900e+01
-9.340500e+01 4.478800e+01
-9.340900e+01 4.478600e+01
-9.320700e+01 4.478500e+01
-9.341300e+01 4.478400e+01
-9.321800e+01 4.478300e+01
-9.340700e+01 4.478200e+01
-9.341700e+01 4.478200e+01
-9.321300e+01 4.478100e+01
-9.347500e+01 4.478000e+01
-9.337800e+01 4.477900e+01
-9.321700e+01 4.477900e+01
-9.502600e+01 4.477800e+01
-9.328800e+01 4.477800e+01
-9.286300e+01 4.477800e+01
-9.332900e+01 4.477800e+01
-9.286400e+01 4.477800e+01
-9.350500e+01 4.477700e+01
-9.356500e+01 4.477600e+01
-9.354100e+01 4.477600e+01
-9.364300e+01 4.477600e+01
-9.499500e+01 4.477600e+01
-9.368400e+01 4.477600e+01
-9.328300e+01 4.477600e+01
-9.322100e+01 4.477600e+01
-9.346400e+01 4.477500e+01
-9.354100e+01 4.477500e+01
-9.328800e+01 4.477500e+01
-9.393000e+01 4.477500e+01
-9.329300e+01 4.477500e+01
-9.321700e+01 4.477400e+01
-9.303500e+01 4.477400e+01
-9.306000e+01 4.477400e+01
-9.286300e+01 4.477400e+01
-9.393000e+01 4.477200e+01
-9.393300e+01 4.477200e+01
-9.328800e+01 4.477200e+01
-9.398000e+01 4.476800e+01
-9.410100e+01 4.476800e+01
-9.401000e+01 4.476800e+01
-9.343400e+01 4.476700e+01
-9.415100e+01 4.476600e+01
-9.357800e+01 4.476600e+01
-9.303300e+01 4.476600e+01
-9.378100e+01 4.476500e+01
-9.285600e+01 4.476500e+01
-9.340400e+01 4.476500e+01
-9.340300e+01 4.476200e+01
-9.321700e+01 4.476100e+01
-9.354100e+01 4.476100e+01
-9.352100e+01 4.476100e+01
-9.350500e+01 4.476100e+01
-9.339900e+01 4.476100e+01
-9.338000e+01 4.476100e+01
-9.285300e+01 4.475700e+01
-9.344000e+01 4.475400e+01
-9.340800e+01 4.475300e+01
-9.350500e+01 4.475300e+01
-9.281800e+01 4.475100e+01
-9.328400e+01 4.474900e+01
-9.280400e+01 4.474900e+01
-9.327100e+01 4.474800e+01
-9.344000e+01 4.474700e+01
-9.336300e+01 4.474700e+01
-9.350100e+01 4.474700e+01
-9.340900e+01 4.474700e+01
-9.328600e+01 4.474700e+01
-9.285200e+01 4.474600e+01
-9.348000e+01 4.474600e+01
-9.337900e+01 4.474600e+01
-9.332800e+01 4.474600e+01
-9.328300e+01 4.474600e+01
-9.327800e+01 4.474300e+01
-9.298600e+01 4.474300e+01
-9.327300e+01 4.474200e+01
-9.328200e+01 4.474000e+01
-9.421100e+01 4.474000e+01
-9.471500e+01 4.473900e+01
-9.305500e+01 4.473900e+01
-9.303500e+01 4.473900e+01
-9.289400e+01 4.473800e+01
-9.285300e+01 4.473500e+01
-9.354200e+01 4.473200e+01
-9.358900e+01 4.473200e+01
-9.352000e+01 4.473200e+01
-9.349700e+01 4.473200e+01
-9.311800e+01 4.473200e+01
-9.321700e+01 4.473200e+01
-9.390900e+01 4.473200e+01
-9.328300e+01 4.473200e+01
-9.398000e+01 4.473100e+01
-9.349100e+01 4.472900e+01
-9.285200e+01 4.472500e+01
-9.337200e+01 4.472500e+01
-9.437100e+01 4.472500e+01
-9.449800e+01 4.472200e+01
-9.284900e+01 4.472100e+01
-9.645100e+01 4.471800e+01
-9.423200e+01 4.471800e+01
-9.368400e+01 4.471800e+01
-9.398100e+01 4.471700e+01
-9.303500e+01 4.471700e+01
-9.378800e+01 4.471700e+01
-9.288600e+01 4.471700e+01
-9.288300e+01 4.471700e+01
-9.333800e+01 4.471700e+01
-9.342200e+01 4.471300e+01
-9.627500e+01 4.470900e+01
-9.285300e+01 4.470900e+01
-9.627600e+01 4.470900e+01
-9.283600e+01 4.470800e+01
-9.343300e+01 4.470600e+01
-9.343400e+01 4.470400e+01
-9.331800e+01 4.470300e+01
-9.340000e+01 4.470200e+01
-9.337900e+01 4.470200e+01
-9.328600e+01 4.470100e+01
-9.329000e+01 4.469900e+01
-9.328800e+01 4.469700e+01
-9.328600e+01 4.469600e+01
-9.329000e+01 4.469500e+01
-9.337900e+01 4.469400e+01
-9.364200e+01 4.469300e+01
-9.350100e+01 4.468900e+01
-9.350300e+01 4.468900e+01
-9.562500e+01 4.468800e+01
-9.561700e+01 4.468800e+01
-9.350100e+01 4.468800e+01
-9.329300e+01 4.468500e+01
-9.353100e+01 4.468100e+01
-9.355200e+01 4.468100e+01
-9.331800e+01 4.468100e+01
-9.329800e+01 4.468100e+01
-9.329300e+01 4.468100e+01
-9.329300e+01 4.467700e+01
-9.362500e+01 4.467400e+01
-9.292600e+01 4.467300e+01
-9.378900e+01 4.467300e+01
-9.273200e+01 4.467300e+01
-9.363900e+01 4.467100e+01
-9.362600e+01 4.466700e+01
-9.300500e+01 4.465900e+01
-9.277100e+01 4.465800e+01
-9.367500e+01 4.465700e+01
-9.311700e+01 4.465600e+01
-9.325300e+01 4.465600e+01
-9.321700e+01 4.465600e+01
-9.276800e+01 4.465600e+01
-9.329500e+01 4.464900e+01
-9.378900e+01 4.464800e+01
-9.331900e+01 4.464500e+01
-9.330100e+01 4.464500e+01
-9.329600e+01 4.464500e+01
-9.329200e+01 4.464500e+01
-9.376800e+01 4.464500e+01
-9.321700e+01 4.464300e+01
-9.329700e+01 4.464100e+01
-9.313700e+01 4.464000e+01
-9.376700e+01 4.464000e+01
-9.376600e+01 4.463800e+01
-9.372800e+01 4.463400e+01
-9.337900e+01 4.463400e+01
-9.376600e+01 4.463400e+01
-9.615700e+01 4.463100e+01
-9.627600e+01 4.463100e+01
-9.361100e+01 4.463100e+01
-9.580800e+01 4.463100e+01
-9.321800e+01 4.463100e+01
-9.356300e+01 4.463100e+01
-9.325900e+01 4.463100e+01
-9.313400e+01 4.463100e+01
-9.313600e+01 4.463100e+01
-9.367400e+01 4.463100e+01
-9.344000e+01 4.463000e+01
-9.437600e+01 4.463000e+01
-9.350200e+01 4.463000e+01
-9.565500e+01 4.463000e+01
-9.329300e+01 4.463000e+01
-9.329800e+01 4.463000e+01
-9.277200e+01 4.463000e+01
-9.313700e+01 4.462400e+01
-9.376400e+01 4.462300e+01
-9.375000e+01 4.462200e+01
-9.299500e+01 4.461600e+01
-9.376500e+01 4.461500e+01
-9.376800e+01 4.461400e+01
-9.300200e+01 4.461000e+01
-9.609300e+01 4.460400e+01
-9.299400e+01 4.460100e+01
-9.299300e+01 4.460100e+01
-9.285700e+01 4.460100e+01
-9.279200e+01 4.460100e+01
-9.277200e+01 4.460100e+01
-9.269400e+01 4.460100e+01
-9.270200e+01 4.460100e+01
-9.267200e+01 4.459300e+01
-9.367500e+01 4.458900e+01
-9.366500e+01 4.458600e+01
-9.329800e+01 4.457800e+01
-9.330200e+01 4.457400e+01
-9.329800e+01 4.457400e+01
-9.337900e+01 4.457300e+01
-9.344000e+01 4.457300e+01
-9.327800e+01 4.457300e+01
-9.350500e+01 4.457300e+01
-9.645100e+01 4.457300e+01
-9.355700e+01 4.457200e+01
-9.358400e+01 4.457200e+01
-9.329400e+01 4.457200e+01
-9.253400e+01 4.457000e+01
-9.328500e+01 4.456900e+01
-9.329800e+01 4.456900e+01
-9.263700e+01 4.456900e+01
-9.253100e+01 4.456800e+01
-9.253400e+01 4.456700e+01
-9.253200e+01 4.456600e+01
-9.252600e+01 4.456100e+01
-9.249200e+01 4.455900e+01
-9.419700e+01 4.455800e+01
-9.422300e+01 4.455300e+01
-9.422000e+01 4.455300e+01
-9.499400e+01 4.454700e+01
-9.499600e+01 4.454600e+01
-9.320200e+01 4.454400e+01
-9.320700e+01 4.454400e+01
-9.366600e+01 4.454400e+01
-9.344100e+01 4.454400e+01
-9.330000e+01 4.454400e+01
-9.328300e+01 4.454400e+01
-9.328100e+01 4.454400e+01
-9.344500e+01 4.454400e+01
-9.330200e+01 4.454400e+01
-9.376900e+01 4.454400e+01
-9.370200e+01 4.454400e+01
-9.359300e+01 4.454400e+01
-9.359100e+01 4.454400e+01
-9.370400e+01 4.454400e+01
-9.358500e+01 4.454400e+01
-9.358200e+01 4.454400e+01
-9.313700e+01 4.454400e+01
-9.350100e+01 4.454400e+01
-9.356800e+01 4.454300e+01
-9.289100e+01 4.454300e+01
-9.305800e+01 4.454300e+01
-9.299600e+01 4.454300e+01
-9.437500e+01 4.454300e+01
-9.384900e+01 4.454300e+01
-9.265500e+01 4.454300e+01
-9.388000e+01 4.454300e+01
-9.437500e+01 4.454300e+01
-9.294200e+01 4.454300e+01
-9.537500e+01 4.454200e+01
-9.536700e+01 4.454200e+01
-9.536000e+01 4.454200e+01
-9.542100e+01 4.454200e+01
-9.541800e+01 4.454200e+01
-9.511800e+01 4.454100e+01
-9.511900e+01 4.453500e+01
-9.390100e+01 4.453000e+01
-9.462400e+01 4.452900e+01
-9.471000e+01 4.452900e+01
-9.390700e+01 4.452800e+01
-9.252300e+01 4.452800e+01
-9.292200e+01 4.451700e+01
-9.301300e+01 4.451600e+01
-9.290600e+01 4.450700e+01
-9.291800e+01 4.450700e+01
-9.290700e+01 4.448600e+01
-9.300900e+01 4.448600e+01
-9.314600e+01 4.448100e+01
-9.390400e+01 4.448100e+01
-9.392200e+01 4.447600e+01
-9.329200e+01 4.447600e+01
-9.579600e+01 4.447200e+01
-9.328700e+01 4.447200e+01
-9.328200e+01 4.447200e+01
-9.329200e+01 4.447200e+01
-9.303900e+01 4.447200e+01
-9.329600e+01 4.447200e+01
-9.325100e+01 4.447100e+01
-9.325000e+01 4.447100e+01
-9.300900e+01 4.447100e+01
-9.318000e+01 4.447100e+01
-9.322400e+01 4.447100e+01
-9.315600e+01 4.447100e+01
-9.313000e+01 4.447100e+01
-9.329200e+01 4.446800e+01
-9.314000e+01 4.446800e+01
-9.575600e+01 4.446300e+01
-9.626200e+01 4.446000e+01
-9.580700e+01 4.445900e+01
-9.642500e+01 4.445900e+01
-9.316100e+01 4.445800e+01
-9.555400e+01 4.445800e+01
-9.559400e+01 4.445800e+01
-9.437400e+01 4.445700e+01
-9.420100e+01 4.445700e+01
-9.438800e+01 4.445700e+01
-9.393600e+01 4.445700e+01
-9.318900e+01 4.445700e+01
-9.471800e+01 4.445600e+01
-9.316400e+01 4.445500e+01
-9.317200e+01 4.445500e+01
-9.227500e+01 4.445400e+01
-9.579700e+01 4.445300e+01
-9.574500e+01 4.445100e+01
-9.575600e+01 4.445100e+01
-9.226700e+01 4.444900e+01
-9.578900e+01 4.444700e+01
-9.607900e+01 4.444500e+01
-9.582600e+01 4.444300e+01
-9.581600e+01 4.444300e+01
-9.645200e+01 4.444200e+01
-9.577400e+01 4.443700e+01
-9.471700e+01 4.443400e+01
-9.319000e+01 4.443200e+01
-9.578600e+01 4.443100e+01
-9.581600e+01 4.442900e+01
-9.577000e+01 4.442900e+01
-9.419000e+01 4.441300e+01
-9.512700e+01 4.441300e+01
-9.492500e+01 4.441200e+01
-9.512700e+01 4.440600e+01
-9.203200e+01 4.438600e+01
-9.352400e+01 4.438500e+01
-9.360500e+01 4.438400e+01
-9.486600e+01 4.437300e+01
-9.204000e+01 4.437100e+01
-9.279900e+01 4.436500e+01
-9.397900e+01 4.435000e+01
-9.395100e+01 4.434900e+01
-9.472500e+01 4.434100e+01
-9.331100e+01 4.433400e+01
-9.329300e+01 4.433400e+01
-9.451100e+01 4.432600e+01
-9.395500e+01 4.432600e+01
-9.444000e+01 4.432500e+01
-9.445400e+01 4.432500e+01
-9.395300e+01 4.432500e+01
-9.329500e+01 4.432300e+01
-9.443900e+01 4.432300e+01
-9.327200e+01 4.432300e+01
-9.330200e+01 4.432300e+01
-9.329900e+01 4.432000e+01
-9.446600e+01 4.431900e+01
-9.329700e+01 4.431800e+01
-9.330400e+01 4.431800e+01
-9.396500e+01 4.431400e+01
-9.595800e+01 4.431300e+01
-9.396800e+01 4.431200e+01
-9.398900e+01 4.431200e+01
-9.329100e+01 4.431000e+01
-9.395900e+01 4.430700e+01
-92 4.430000e+01
-9.398400e+01 4.429900e+01
-9.279000e+01 4.429800e+01
-9.472500e+01 4.429700e+01
-9.330900e+01 4.429500e+01
-9.329000e+01 4.429400e+01
-9.330500e+01 4.429300e+01
-9.268400e+01 4.429200e+01
-9.330800e+01 4.429200e+01
-9.324200e+01 4.429100e+01
-9.331200e+01 4.429000e+01
-9.330800e+01 4.428700e+01
-9.242200e+01 4.428300e+01
-9.267000e+01 4.428200e+01
-9.266900e+01 4.428100e+01
-9.298000e+01 4.427900e+01
-9.298100e+01 4.427800e+01
-9.419000e+01 4.427600e+01
-9.420000e+01 4.427500e+01
-9.443200e+01 4.427400e+01
-9.304000e+01 4.427300e+01
-9.298500e+01 4.427200e+01
-9.419000e+01 4.427100e+01
-9.329600e+01 4.427100e+01
-9.255100e+01 4.427000e+01
-9.645200e+01 4.426900e+01
-9.265100e+01 4.426700e+01
-9.443200e+01 4.426600e+01
-9.628800e+01 4.426600e+01
-9.628500e+01 4.426200e+01
-9.437100e+01 4.425000e+01
-9.607900e+01 4.424500e+01
-9.595700e+01 4.424000e+01
-9.604700e+01 4.424000e+01
-9.575500e+01 4.424000e+01
-9.559300e+01 4.423900e+01
-9.395900e+01 4.423900e+01
-9.512800e+01 4.423900e+01
-9.510800e+01 4.423900e+01
-9.352500e+01 4.421800e+01
-9.355800e+01 4.421300e+01
-9.607800e+01 4.421200e+01
-9.376800e+01 4.420600e+01
-9.397200e+01 4.420100e+01
-9.419400e+01 4.420000e+01
-9.402200e+01 4.420000e+01
-9.630800e+01 4.419800e+01
-9.402000e+01 4.419800e+01
-9.365200e+01 4.419700e+01
-9.292400e+01 4.419700e+01
-9.402000e+01 4.419700e+01
-9.609000e+01 4.419700e+01
-9.595700e+01 4.419700e+01
-9.278500e+01 4.419600e+01
-9.352500e+01 4.419600e+01
-9.574900e+01 4.419600e+01
-9.325500e+01 4.419600e+01
-9.364300e+01 4.419600e+01
-9.365200e+01 4.419600e+01
-9.352200e+01 4.419600e+01
-9.358900e+01 4.419600e+01
-9.512100e+01 4.419500e+01
-9.260200e+01 4.419500e+01
-9.242200e+01 4.419400e+01
-9.186900e+01 4.419300e+01
-9.419400e+01 4.419300e+01
-9.401600e+01 4.419200e+01
-9.401400e+01 4.419100e+01
-9.400900e+01 4.419100e+01
-9.398200e+01 4.418900e+01
-9.401000e+01 4.418400e+01
-9.406000e+01 4.418300e+01
-9.405300e+01 4.418100e+01
-9.394900e+01 4.417500e+01
-9.399500e+01 4.417500e+01
-9.400500e+01 4.417000e+01
-9.254900e+01 4.416900e+01
-9.400400e+01 4.416900e+01
-9.400300e+01 4.416800e+01
-9.397200e+01 4.416700e+01
-9.394900e+01 4.416700e+01
-9.394600e+01 4.416700e+01
-9.389100e+01 4.416700e+01
-9.401600e+01 4.416600e+01
-9.400100e+01 4.416600e+01
-9.241900e+01 4.416600e+01
-9.231900e+01 4.416600e+01
-9.401700e+01 4.416500e+01
-9.216500e+01 4.416500e+01
-9.402000e+01 4.416000e+01
-9.382800e+01 4.415500e+01
-9.406300e+01 4.415200e+01
-9.407800e+01 4.414900e+01
-9.396400e+01 4.414800e+01
-9.395400e+01 4.414600e+01
-9.408500e+01 4.414500e+01
-9.411800e+01 4.414400e+01
-9.376800e+01 4.413800e+01
-9.395900e+01 4.413500e+01
-9.395900e+01 4.412300e+01
-9.402100e+01 4.412300e+01
-9.370700e+01 4.411600e+01
-9.471800e+01 4.410900e+01
-9.464200e+01 4.410900e+01
-9.441900e+01 4.410900e+01
-9.224400e+01 4.410700e+01
-9.324500e+01 4.410500e+01
-9.350700e+01 4.409900e+01
-9.324500e+01 4.409900e+01
-9.324500e+01 4.409500e+01
-9.325000e+01 4.409500e+01
-9.324000e+01 4.409500e+01
-9.326600e+01 4.409500e+01
-9.251200e+01 4.409500e+01
-9.324400e+01 4.409100e+01
-9.324400e+01 4.408900e+01
-9.340600e+01 4.408700e+01
-9.324600e+01 4.408400e+01
-9.324100e+01 4.408400e+01
-9.322800e+01 4.408400e+01
-9.320900e+01 4.408200e+01
-9.353600e+01 4.408200e+01
-9.324800e+01 4.408000e+01
-9.347400e+01 4.408000e+01
-9.347800e+01 4.408000e+01
-9.250800e+01 4.407900e+01
-9.350700e+01 4.407800e+01
-9.319100e+01 4.407800e+01
-9.348400e+01 4.407700e+01
-9.436900e+01 4.407500e+01
-9.574600e+01 4.407300e+01
-9.244800e+01 4.407000e+01
-9.325200e+01 4.407000e+01
-9.171700e+01 4.406600e+01
-9.319500e+01 4.406600e+01
-9.441800e+01 4.406600e+01
-9.325100e+01 4.406300e+01
-9.163700e+01 4.406300e+01
-9.249800e+01 4.406200e+01
-9.312400e+01 4.406000e+01
-9.322600e+01 4.405900e+01
-9.245400e+01 4.405900e+01
-9.324500e+01 4.405900e+01
-9.318900e+01 4.405900e+01
-9.325100e+01 4.405900e+01
-9.319600e+01 4.405900e+01
-9.349700e+01 4.405800e+01
-9.439900e+01 4.405500e+01
-9.168900e+01 4.405400e+01
-9.325000e+01 4.405400e+01
-9.289900e+01 4.405200e+01
-9.304500e+01 4.405200e+01
-9.459000e+01 4.405100e+01
-9.463900e+01 4.405100e+01
-9.512000e+01 4.405000e+01
-9.485900e+01 4.405000e+01
-9.170100e+01 4.404400e+01
-9.251800e+01 4.403700e+01
-9.546200e+01 4.403600e+01
-9.285900e+01 4.403300e+01
-9.285900e+01 4.403200e+01
-9.255900e+01 4.403200e+01
-9.248800e+01 4.403100e+01
-9.246800e+01 4.403000e+01
-9.246300e+01 4.403000e+01
-9.162200e+01 4.403000e+01
-9.267800e+01 4.402800e+01
-9.246800e+01 4.402800e+01
-9.246300e+01 4.402800e+01
-9.160000e+01 4.402600e+01
-9.164000e+01 4.402300e+01
-9.274800e+01 4.402300e+01
-9.241900e+01 4.401200e+01
-9.239400e+01 4.401200e+01
-9.237900e+01 4.401000e+01
-9.248200e+01 4.400700e+01
-9.645300e+01 4.400700e+01
-9.246300e+01 4.400700e+01
-9.250900e+01 4.400400e+01
-9.630700e+01 4.400300e+01
-9.630700e+01 4.400200e+01
-9.224900e+01 4.399900e+01
-9.376800e+01 4.399900e+01
-9.594400e+01 4.399900e+01
-9.249700e+01 4.399900e+01
-9.630000e+01 4.399400e+01
-9.630700e+01 4.399400e+01
-9.631200e+01 4.399400e+01
-9.606400e+01 4.399400e+01
-9.595200e+01 4.399400e+01
-9.594500e+01 4.399300e+01
-9.575100e+01 4.399300e+01
-9.462900e+01 4.398300e+01
-9.462800e+01 4.398200e+01
-9.442900e+01 4.398000e+01
-9.442900e+01 4.397800e+01
-9.246200e+01 4.397700e+01
-9.245300e+01 4.397500e+01
-9.207900e+01 4.397100e+01
-9.461900e+01 4.396800e+01
-9.466500e+01 4.396100e+01
-9.168600e+01 4.396000e+01
-9.168600e+01 4.395900e+01
-9.223900e+01 4.395900e+01
-9.168000e+01 4.395700e+01
-9.168600e+01 4.395700e+01
-9.169200e+01 4.395500e+01
-9.224500e+01 4.395500e+01
-9.223300e+01 4.395500e+01
-9.223900e+01 4.395500e+01
-9.236200e+01 4.395300e+01
-9.235200e+01 4.395300e+01
-9.207900e+01 4.395200e+01
-9.223900e+01 4.395200e+01
-9.235800e+01 4.395100e+01
-9.236400e+01 4.394900e+01
-9.235400e+01 4.394800e+01
-9.485900e+01 4.394800e+01
-9.174000e+01 4.394300e+01
-9.173300e+01 4.394100e+01
-9.174600e+01 4.394100e+01
-9.174000e+01 4.394100e+01
-9.174000e+01 4.393700e+01
-9.369800e+01 4.392900e+01
-9.394700e+01 4.392800e+01
-9.136300e+01 4.391800e+01
-9.248800e+01 4.391700e+01
-9.247700e+01 4.391700e+01
-9.160100e+01 4.391600e+01
-9.136800e+01 4.391600e+01
-9.160200e+01 4.391600e+01
-9.159700e+01 4.391500e+01
-9.159100e+01 4.391400e+01
-9.136300e+01 4.391400e+01
-9.159600e+01 4.391200e+01
-9.135900e+01 4.391100e+01
-9.248000e+01 4.391000e+01
-9.391500e+01 4.389900e+01
-9.223800e+01 4.389900e+01
-9.285900e+01 4.389200e+01
-9.267800e+01 4.389200e+01
-9.348600e+01 4.389200e+01
-9.248700e+01 4.389200e+01
-9.417300e+01 4.389200e+01
-9.369700e+01 4.389100e+01
-9.376800e+01 4.389100e+01
-9.372800e+01 4.389100e+01
-9.436900e+01 4.389100e+01
-9.442900e+01 4.389100e+01
-9.248800e+01 4.388800e+01
-9.416800e+01 4.388800e+01
-9.248200e+01 4.388700e+01
-9.248800e+01 4.388500e+01
-9.249400e+01 4.388300e+01
-9.248800e+01 4.388200e+01
-9.305600e+01 4.387800e+01
-9.340700e+01 4.387700e+01
-9.511300e+01 4.387600e+01
-9.327700e+01 4.387400e+01
-9.559200e+01 4.387200e+01
-9.305200e+01 4.387000e+01
-9.304500e+01 4.387000e+01
-9.328100e+01 4.387000e+01
-9.327700e+01 4.387000e+01
-9.327200e+01 4.387000e+01
-9.327700e+01 4.386600e+01
-9.511500e+01 4.386200e+01
-9.546300e+01 4.386200e+01
-9.130900e+01 4.386000e+01
-9.130000e+01 4.385800e+01
-9.130600e+01 4.385800e+01
-9.130200e+01 4.385800e+01
-9.304500e+01 4.385600e+01
-9.248900e+01 4.385600e+01
-9.130300e+01 4.385500e+01
-9.511500e+01 4.385500e+01
-9.211100e+01 4.385400e+01
-9.219200e+01 4.385100e+01
-9.640000e+01 4.385000e+01
-9.219200e+01 4.385000e+01
-9.645300e+01 4.385000e+01
-9.640800e+01 4.384900e+01
-9.594200e+01 4.384900e+01
-9.593700e+01 4.384900e+01
-9.286900e+01 4.384900e+01
-9.286000e+01 4.384900e+01
-9.624200e+01 4.384900e+01
-9.303800e+01 4.384800e+01
-9.328500e+01 4.384800e+01
-9.348300e+01 4.384800e+01
-9.510200e+01 4.384800e+01
-9.469600e+01 4.384800e+01
-9.372800e+01 4.384800e+01
-9.512000e+01 4.384800e+01
-9.383500e+01 4.384800e+01
-9.416300e+01 4.384800e+01
-9.559300e+01 4.384800e+01
-9.442800e+01 4.384800e+01
-9.217200e+01 4.384700e+01
-9.210500e+01 4.384700e+01
-9.219100e+01 4.384700e+01
-9.129800e+01 4.384700e+01
-9.163600e+01 4.384700e+01
-9.175200e+01 4.384700e+01
-9.218700e+01 4.384400e+01
-9.129900e+01 4.383600e+01
-9.248900e+01 4.383400e+01
-9.255300e+01 4.383400e+01
-9.517500e+01 4.383000e+01
-9.130400e+01 4.382500e+01
-9.127300e+01 4.381800e+01
-9.130500e+01 4.380900e+01
-9.175300e+01 4.380800e+01
-9.175300e+01 4.380600e+01
-9.175300e+01 4.379800e+01
-9.173000e+01 4.379300e+01
-9.130300e+01 4.379200e+01
-9.155100e+01 4.376300e+01
-9.156900e+01 4.376300e+01
-9.134500e+01 4.376300e+01
-9.416500e+01 4.376000e+01
-9.372700e+01 4.374900e+01
-9.269500e+01 4.371300e+01
-9.545300e+01 4.371100e+01
-9.247900e+01 4.371100e+01
-9.247700e+01 4.371100e+01
-9.244900e+01 4.371100e+01
-9.270000e+01 4.371000e+01
-9.269400e+01 4.371000e+01
-9.270500e+01 4.370700e+01
-9.299000e+01 4.370600e+01
-9.364800e+01 4.370300e+01
-9.299000e+01 4.370000e+01
-9.297900e+01 4.369600e+01
-9.341300e+01 4.369100e+01
-9.342200e+01 4.369000e+01
-9.238900e+01 4.369000e+01
-9.238700e+01 4.369000e+01
-9.336300e+01 4.368900e+01
-9.332000e+01 4.368900e+01
-9.335900e+01 4.368800e+01
-9.341800e+01 4.368800e+01
-9.335400e+01 4.368700e+01
-9.209400e+01 4.368500e+01
-9.341400e+01 4.368500e+01
-9.335900e+01 4.368500e+01
-9.332800e+01 4.368500e+01
-9.342300e+01 4.368500e+01
-9.332100e+01 4.368400e+01
-9.299300e+01 4.368300e+01
-9.297900e+01 4.368300e+01
-9.444800e+01 4.368300e+01
-9.331400e+01 4.368200e+01
-9.299300e+01 4.368100e+01
-9.444800e+01 4.368100e+01
-9.298800e+01 4.368100e+01
-9.298400e+01 4.368100e+01
-9.297400e+01 4.368100e+01
-9.297900e+01 4.368000e+01
-9.299800e+01 4.368000e+01
-9.444400e+01 4.367900e+01
-9.444100e+01 4.367900e+01
-9.332200e+01 4.367900e+01
-9.444700e+01 4.367900e+01
-9.445000e+01 4.367900e+01
-9.297900e+01 4.367800e+01
-9.299300e+01 4.367800e+01
-9.444700e+01 4.367500e+01
-9.332300e+01 4.367500e+01
-9.286900e+01 4.367400e+01
-9.294700e+01 4.367400e+01
-9.293900e+01 4.367400e+01
-9.293000e+01 4.367400e+01
-9.293500e+01 4.367400e+01
-9.442700e+01 4.367400e+01
-9.294800e+01 4.367200e+01
-9.293900e+01 4.367200e+01
-9.441700e+01 4.367200e+01
-9.286400e+01 4.367100e+01
-9.287400e+01 4.367100e+01
-9.286900e+01 4.367100e+01
-9.301600e+01 4.367000e+01
-9.357600e+01 4.366900e+01
-9.332300e+01 4.366900e+01
-9.286900e+01 4.366800e+01
-9.473400e+01 4.366800e+01
-9.339900e+01 4.366800e+01
-9.332700e+01 4.366700e+01
-9.332300e+01 4.366700e+01
-9.301500e+01 4.366700e+01
-9.302000e+01 4.366700e+01
-9.358300e+01 4.366600e+01
-9.298000e+01 4.366600e+01
-9.297300e+01 4.366600e+01
-9.357700e+01 4.366600e+01
-9.299300e+01 4.366600e+01
-9.299000e+01 4.366600e+01
-9.424700e+01 4.366600e+01
-9.364800e+01 4.366600e+01
-9.357100e+01 4.366600e+01
-9.472700e+01 4.366600e+01
-9.297900e+01 4.366600e+01
-9.296200e+01 4.366500e+01
-9.473300e+01 4.366500e+01
-9.409800e+01 4.366400e+01
-9.302300e+01 4.366400e+01
-9.320300e+01 4.366400e+01
-9.473900e+01 4.366400e+01
-9.332100e+01 4.366400e+01
-9.357800e+01 4.366300e+01
-9.203500e+01 4.366300e+01
-9.372800e+01 4.366200e+01
-9.473100e+01 4.366100e+01
-9.319700e+01 4.366100e+01
-9.302900e+01 4.366000e+01
-9.408900e+01 4.366000e+01
-9.409700e+01 4.366000e+01
-9.410500e+01 4.366000e+01
-9.318900e+01 4.366000e+01
-9.304900e+01 4.366000e+01
-9.320300e+01 4.366000e+01
-9.332900e+01 4.366000e+01
-9.372100e+01 4.366000e+01
-9.332500e+01 4.366000e+01
-9.451200e+01 4.365900e+01
-9.364800e+01 4.365900e+01
-9.331900e+01 4.365900e+01
-9.333200e+01 4.365900e+01
-9.357800e+01 4.365900e+01
-9.331600e+01 4.365900e+01
-9.372800e+01 4.365800e+01
-9.373400e+01 4.365600e+01
-9.409500e+01 4.365600e+01
-9.332100e+01 4.365400e+01
-9.485400e+01 4.365300e+01
-9.472700e+01 4.365200e+01
-9.424700e+01 4.365200e+01
-9.444700e+01 4.365200e+01
-9.440700e+01 4.365200e+01
-9.336000e+01 4.365100e+01
-9.295000e+01 4.365100e+01
-9.559400e+01 4.364900e+01
-9.336900e+01 4.364800e+01
-9.555000e+01 4.364800e+01
-9.341100e+01 4.364800e+01
-9.339100e+01 4.364700e+01
-9.593300e+01 4.364700e+01
-9.477400e+01 4.364600e+01
-9.485400e+01 4.364600e+01
-9.495700e+01 4.364500e+01
-9.495800e+01 4.364500e+01
-9.499400e+01 4.364500e+01
-9.555500e+01 4.364400e+01
-9.593300e+01 4.364400e+01
-9.409000e+01 4.364400e+01
-9.592800e+01 4.364400e+01
-9.593800e+01 4.364400e+01
-9.499400e+01 4.364300e+01
-9.517400e+01 4.364300e+01
-9.149800e+01 4.364200e+01
-9.621300e+01 4.364200e+01
-9.498900e+01 4.364100e+01
-9.556100e+01 4.364000e+01
-9.559400e+01 4.364000e+01
-9.499500e+01 4.364000e+01
-9.621300e+01 4.363900e+01
-9.622000e+01 4.363900e+01
-9.620600e+01 4.363900e+01
-9.500100e+01 4.363900e+01
-9.518100e+01 4.363900e+01
-9.517400e+01 4.363900e+01
-9.516700e+01 4.363900e+01
-9.556400e+01 4.363800e+01
-9.545400e+01 4.363800e+01
-9.559800e+01 4.363800e+01
-9.559400e+01 4.363800e+01
-9.558900e+01 4.363800e+01
-9.562300e+01 4.363800e+01
-9.605300e+01 4.363800e+01
-9.409000e+01 4.363800e+01
-9.557300e+01 4.363700e+01
-9.556200e+01 4.363700e+01
-9.556500e+01 4.363700e+01
-9.499500e+01 4.363600e+01
-9.621300e+01 4.363600e+01
-9.559400e+01 4.363500e+01
-9.517400e+01 4.363500e+01
-9.557000e+01 4.363500e+01
-9.339400e+01 4.363300e+01
-9.558000e+01 4.363100e+01
-9.332800e+01 4.362800e+01
-9.333100e+01 4.362500e+01
-9.557900e+01 4.362000e+01
-9.333700e+01 4.361700e+01
-9.517400e+01 4.361700e+01
-9.556200e+01 4.361600e+01
-9.545400e+01 4.361600e+01
-9.334500e+01 4.361500e+01
-9.499400e+01 4.361500e+01
-9.334400e+01 4.361300e+01
-9.334200e+01 4.361200e+01
-9.643200e+01 4.361100e+01
-9.333700e+01 4.360900e+01
-9.645300e+01 4.360900e+01
-9.643600e+01 4.360900e+01
-9.642800e+01 4.360900e+01
-9.643200e+01 4.360900e+01
-9.638400e+01 4.360900e+01
-9.637600e+01 4.360900e+01
-9.637000e+01 4.360900e+01
-9.334500e+01 4.360800e+01
-9.638200e+01 4.360600e+01
-9.561800e+01 4.360300e+01
-9.151200e+01 4.360200e+01
-9.444700e+01 4.360100e+01
-9.645300e+01 4.358900e+01
-9.565400e+01 4.356100e+01
-9.201000e+01 4.355700e+01
-9.237000e+01 4.354400e+01
-9.201000e+01 4.354400e+01
-9.517400e+01 4.353000e+01
-9.173000e+01 4.352700e+01
-9.177000e+01 4.352400e+01
-9.187000e+01 4.351500e+01
-9.236900e+01 4.350800e+01
-9.244900e+01 4.350800e+01
-9.517600e+01 4.350100e+01
-9.128500e+01 4.350100e+01
-9.518100e+01 4.350100e+01
-9.478600e+01 4.350100e+01
-9.511500e+01 4.350100e+01
-9.444700e+01 4.350100e+01
-9.146500e+01 4.350100e+01
-9.200900e+01 4.350100e+01
-9.187100e+01 4.350100e+01
-9.499400e+01 4.350100e+01
-9.236900e+01 4.350000e+01
-9.620900e+01 4.350000e+01
-9.619800e+01 4.350000e+01
-9.408800e+01 4.350000e+01
-9.569400e+01 4.350000e+01
-9.564300e+01 4.350000e+01
-9.294400e+01 4.350000e+01
-9.324700e+01 4.350000e+01
-9.335300e+01 4.350000e+01
-9.349300e+01 4.349900e+01
