4.286600e+02 7.771400e+02
4.149400e+02 7.546100e+02
4.141600e+02 7.677700e+02
4.182800e+02 7.680100e+02
4.166000e+02 7.717800e+02
4.218000e+02 7.658700e+02
5.094500e+02 8.374500e+02
4.891200e+02 8.389000e+02
4.920900e+02 8.804900e+02
5.230800e+02 8.526000e+02
4.769000e+02 8.129100e+02
4.811000e+02 8.328600e+02
4.885800e+02 8.312800e+02
4.931800e+02 8.251800e+02
3.936500e+02 8.192800e+02
3.780400e+02 8.464100e+02
3.884000e+02 8.523700e+02
4.001000e+02 8.499100e+02
5.383500e+02 8.388600e+02
5.536200e+02 8.251100e+02
5.244900e+02 8.237000e+02
5.397700e+02 8.097200e+02
5.623900e+02 8.172200e+02
5.600800e+02 8.056600e+02
5.570600e+02 7.905900e+02
5.540500e+02 7.755100e+02
5.417600e+02 7.891100e+02
5.428600e+02 7.777500e+02
5.618200e+02 7.650500e+02
5.536000e+02 7.732900e+02
5.554900e+02 7.745500e+02
5.523400e+02 7.714000e+02
5.678100e+02 7.786300e+02
5.659000e+02 7.814900e+02
5.694200e+02 7.838300e+02
5.709900e+02 7.799100e+02
5.607000e+02 7.780200e+02
5.664200e+02 7.754900e+02
7.089900e+02 5.864300e+02
5.249600e+02 6.377700e+02
6.136500e+02 6.732500e+02
6.256600e+02 6.432300e+02
6.514700e+02 6.627000e+02
6.169700e+02 6.121000e+02
7.402000e+02 7.007800e+02
7.263400e+02 7.191600e+02
7.328600e+02 7.240800e+02
7.410300e+02 7.237800e+02
6.889000e+02 6.909300e+02
7.341400e+02 6.785800e+02
9.712700e+02 6.479600e+02
9.737200e+02 7.153200e+02
1.022800e+03 7.135300e+02
1.036200e+03 6.662100e+02
1.038400e+03 5.981400e+02
1.054100e+03 6.025300e+02
1.054500e+03 6.010500e+02
1.054600e+03 5.995200e+02
1.045100e+03 6.343700e+02
1.025400e+03 6.078100e+02
1.040500e+03 5.649500e+02
1.057500e+03 5.664000e+02
1.059800e+03 5.395400e+02
1.034500e+03 5.490100e+02
1056 5.829600e+02
1.039400e+03 5.819400e+02
1.021300e+03 5.539600e+02
1.008100e+03 5.589100e+02
1.023700e+03 5.678600e+02
1.012200e+03 5.698600e+02
9.908500e+02 5.603500e+02
1.003500e+03 5.606300e+02
1.001700e+03 5.560800e+02
1.001500e+03 5.651000e+02
9.216200e+02 4.091400e+02
9.279200e+02 5.198500e+02
9.795300e+02 4.995800e+02
9.648500e+02 4.622100e+02
9.751900e+02 4.234300e+02
9.247700e+02 4.645000e+02
9.684000e+02 3.090400e+02
1.003200e+03 3.183200e+02
1007 3.040400e+02
9.997100e+02 2.912000e+02
9.077300e+02 1.951100e+02
9.358600e+02 1.790900e+02
9.279400e+02 1.652000e+02
9.121100e+02 1.630400e+02
8.506200e+02 1.546600e+02
8.789300e+02 2.098800e+02
8.877500e+02 3.545400e+02
8.725900e+02 3.832500e+02
9.202000e+02 3.537100e+02
9.029100e+02 3.258400e+02
9.197100e+02 3.347100e+02
9.749500e+02 3.670700e+02
9.365200e+02 3.258500e+02
9.892100e+02 3.708700e+02
9.477000e+02 3.885700e+02
9.698700e+02 3.220900e+02
9.283600e+02 3.397800e+02
9.306800e+02 3.195300e+02
9.324200e+02 3.111000e+02
9.279900e+02 3.113600e+02
9.228500e+02 3.159700e+02
9.302100e+02 3.112300e+02
9.235800e+02 3.116100e+02
9.344700e+02 3.184800e+02
9.254200e+02 3.136600e+02
9.296900e+02 3.209100e+02
9.299000e+02 3.059400e+02
9.332100e+02 3.012500e+02
9.243100e+02 3.072500e+02
9.256000e+02 2.995600e+02
9.328200e+02 3.061800e+02
9.261500e+02 3.093100e+02
9.287600e+02 3.042500e+02
9.112900e+02 3.176900e+02
9.132900e+02 3.061800e+02
9.196700e+02 3.095500e+02
9.081000e+02 3.160100e+02
9.164800e+02 3.078600e+02
9.212600e+02 3.127600e+02
9.128800e+02 3.209000e+02
9.191900e+02 3.027400e+02
9.187000e+02 2.959200e+02
916 3.010500e+02
9.219900e+02 3.084000e+02
9.215100e+02 3.015900e+02
9.513900e+02 2.063700e+02
9.246000e+02 2.227300e+02
9.669200e+02 2.336400e+02
9.669300e+02 2.336400e+02
9.404700e+02 2.487100e+02
9.669300e+02 2.336400e+02
9.513900e+02 2.063700e+02
9.457600e+02 2.281800e+02
9.302300e+02 2.009100e+02
9.833200e+02 2.624200e+02
9.532600e+02 2.763300e+02
9.833200e+02 2.624200e+02
9.600900e+02 2.549900e+02
9.764900e+02 2.837700e+02
8.961600e+02 2.362400e+02
9.075100e+02 2.656100e+02
9.133900e+02 2.626000e+02
8.932200e+02 2.377400e+02
9.104500e+02 2.641000e+02
919 2.426600e+02
9.017700e+02 2.163000e+02
9.160700e+02 2.750600e+02
9.187500e+02 2.875300e+02
9.287100e+02 2.767800e+02
9.131300e+02 2.765700e+02
9.256900e+02 2.839700e+02
9.210500e+02 2.696900e+02
9.237300e+02 2.821600e+02
9.411800e+02 2.871300e+02
9.256500e+02 2.917700e+02
9.271800e+02 2.842700e+02
9.294300e+02 2.965100e+02
9.432400e+02 2.887900e+02
9.409800e+02 2.765600e+02
9.209100e+02 2.917400e+02
8.571000e+02 4.125900e+02
8.416000e+02 4.419200e+02
8.756300e+02 4.401100e+02
8.591600e+02 4.511900e+02
8.202200e+02 4.589400e+02
8.383100e+02 4.481500e+02
8.328900e+02 4.436600e+02
8.396900e+02 4.550700e+02
7.397500e+02 4.385400e+02
7.751900e+02 3.958100e+02
7.662600e+02 3.884000e+02
7.551100e+02 3.851900e+02
7.854300e+02 6.565900e+02
7.928800e+02 6.321100e+02
7.616900e+02 6.661000e+02
7.673900e+02 6.747200e+02
7.895900e+02 6.818300e+02
7.645400e+02 6.704100e+02
7.756300e+02 6.871800e+02
8.450700e+02 6.605300e+02
7.772800e+02 6.491100e+02
7.784900e+02 6.782700e+02
7.912300e+02 6.569700e+02
7.510700e+02 6.793100e+02
7.616800e+02 6.925400e+02
7.479100e+02 6.723400e+02
7.645300e+02 6.836300e+02
7.479100e+02 6.855600e+02
8.117000e+02 7.110200e+02
8.472300e+02 7.199200e+02
7.769200e+02 7.224800e+02
7.761800e+02 7.021200e+02
8.120700e+02 7.212000e+02
7.765500e+02 7.123000e+02
7.828800e+02 6.919700e+02
8.184100e+02 7.008700e+02
7.586000e+02 7.129500e+02
7.589700e+02 7.231300e+02
7.689300e+02 6.973300e+02
7.513600e+02 7.081600e+02
9.104700e+02 7.176200e+02
9.042000e+02 6.546400e+02
1.019800e+03 6.001900e+02
1.023600e+03 5.915300e+02
1.012200e+03 5.944300e+02
1.016800e+03 5.884800e+02
1.027300e+03 5.797100e+02
1015 5.812100e+02
1.031500e+03 5.867400e+02
1.031600e+03 5.749000e+02
1.019400e+03 5.745300e+02
1.019300e+03 5.863700e+02
9.992800e+02 5.701400e+02
9.939800e+02 5.716100e+02
1.001700e+03 5.750700e+02
9.957600e+02 5.780400e+02
9.730700e+02 5.592600e+02
9.803200e+02 5.654300e+02
9.810200e+02 5.540300e+02
9.745500e+02 5.498600e+02
9.639600e+02 5.619900e+02
9.777800e+02 5.519400e+02
9.708200e+02 5.700100e+02
9.806700e+02 5.597300e+02
9.692500e+02 5.559300e+02
9.721400e+02 5.637100e+02
9.804500e+02 5.250600e+02
9.971200e+02 5.443500e+02
9.813700e+02 5.505400e+02
9.883200e+02 5.219600e+02
9.892400e+02 5.474400e+02
9.779600e+02 5.502000e+02
9.770400e+02 5.247200e+02
9.820900e+02 5.523700e+02
9.897400e+02 5.514200e+02
9.994200e+02 5.502100e+02
8.900900e+02 4.726800e+02
8.745700e+02 5.047600e+02
8.545200e+02 4.705000e+02
8.480800e+02 4.972600e+02
8.996700e+02 4.846300e+02
9.002000e+02 4.523000e+02
8.650700e+02 4.553000e+02
8.645400e+02 4.876300e+02
8.421600e+02 4.675300e+02
8.318900e+02 475
7.931200e+02 4.694700e+02
8.093200e+02 4.755300e+02
8.009700e+02 4.540600e+02
7.935700e+02 4.521800e+02
7.783500e+02 4.784500e+02
7.972700e+02 4.531200e+02
7.956600e+02 4.963500e+02
8.051500e+02 4.648000e+02
7.859600e+02 4.653200e+02
7.938300e+02 4.769900e+02
7.950500e+02 4.463200e+02
7.997100e+02 4.501800e+02
7.952000e+02 4.398000e+02
8.080700e+02 4.401000e+02
7.958100e+02 4.129100e+02
8.164300e+02 4.300100e+02
8.015600e+02 4.517200e+02
8.114500e+02 4.453500e+02
8.246600e+02 4.368300e+02
9.407100e+02 5.812300e+02
9.204900e+02 6.036400e+02
9.708800e+02 5.805600e+02
9.117100e+02 5.728800e+02
9.061300e+02 5.911000e+02
9.456800e+02 5.921000e+02
9.674200e+02 5.712700e+02
9.378300e+02 5.674300e+02
9.161000e+02 5.882600e+02
8.950700e+02 5.677900e+02
8.843200e+02 5.541000e+02
8.884900e+02 5.838900e+02
8.607900e+02 5.725800e+02
8.875500e+02 6.212200e+02
8.555200e+02 6.020400e+02
872 5.929700e+02
8.798600e+02 6.283400e+02
9.123400e+02 6.291400e+02
9.044900e+02 5.937700e+02
8.608300e+02 5.331100e+02
8.322800e+02 5.198100e+02
8.373000e+02 5.540500e+02
8.186200e+02 5.393000e+02
8.794400e+02 5.294300e+02
8.534200e+02 5.122800e+02
8.347900e+02 5.369300e+02
8.608100e+02 5.540700e+02
8.117700e+02 5.911900e+02
7.967500e+02 5.487000e+02
8.170200e+02 5.513700e+02
7.948100e+02 5.904100e+02
8.242000e+02 6.170700e+02
8.464100e+02 5.780400e+02
8.203000e+02 5.114100e+02
8.205500e+02 4.967800e+02
8.073900e+02 5.183100e+02
7.633100e+02 5.199300e+02
7.284400e+02 4.929000e+02
7.928700e+02 4.983800e+02
7.533900e+02 4.856800e+02
7.625900e+02 5.208000e+02
8.020700e+02 5.335000e+02
8.207900e+02 4.830600e+02
9.830200e+02 5.776200e+02
9.935600e+02 5.843500e+02
9.822200e+02 5.824500e+02
9.937700e+02 5.779800e+02
9.871500e+02 5.685200e+02
9.756000e+02 5.729900e+02
1.004700e+03 5.859600e+02
1.002900e+03 5.893900e+02
1.013600e+03 5.878200e+02
1.008400e+03 5.781400e+02
9.976500e+02 5.797100e+02
6.544500e+02 3.971200e+02
6.653200e+02 3.593400e+02
6.502600e+02 3.550100e+02
6.363500e+02 3.622200e+02
7.102100e+02 3.722700e+02
6.898100e+02 4.142900e+02
5.980800e+02 3.804100e+02
6.065700e+02 3.826000e+02
6.045500e+02 3.787100e+02
6.028100e+02 3.796100e+02
6.017300e+02 3.779900e+02
6.023200e+02 3.815100e+02
6.006500e+02 3.763800e+02
5.995800e+02 3.747700e+02
5.987400e+02 3.760800e+02
5.988700e+02 3.752400e+02
5.987100e+02 3.735400e+02
5.993000e+02 3.743400e+02
5.995000e+02 3.738700e+02
5.987900e+02 3.743900e+02
5.934200e+02 3.159700e+02
6.193900e+02 3.269900e+02
6.239000e+02 3.163400e+02
6.196500e+02 3.055900e+02
5.394800e+02 1.827200e+02
5.667700e+02 1.719200e+02
5.606300e+02 1.564100e+02
5.441700e+02 1.537500e+02
4.956100e+02 1.458700e+02
5.117500e+02 1.923500e+02
6.087500e+02 2.780300e+02
5.978400e+02 2.504700e+02
5.817600e+02 2.902900e+02
5.688900e+02 2.619300e+02
5.394700e+02 2.721500e+02
5.489900e+02 2.842800e+02
5.490400e+02 2.996900e+02
5.585100e+02 2.964000e+02
5.621400e+02 2.923300e+02
5.442600e+02 2.859200e+02
5.537700e+02 2.980500e+02
5.614600e+02 2.953800e+02
5.603200e+02 2.943700e+02
5.508000e+02 2.822400e+02
5.590800e+02 2.980500e+02
5.607800e+02 2.984300e+02
5.555000e+02 3.005300e+02
5.591500e+02 3.057900e+02
5.505300e+02 3.039800e+02
5.520200e+02 3.082700e+02
5.726300e+02 2.978600e+02
5.663800e+02 3.079400e+02
5.635800e+02 3.031800e+02
5.719500e+02 2.913100e+02
5.740700e+02 2.991100e+02
5.576700e+02 3.208100e+02
5.536000e+02 3.128300e+02
5.511600e+02 317
5.584100e+02 3.133000e+02
4.843100e+02 3.735500e+02
5.374200e+02 3.985900e+02
5.120800e+02 3.837600e+02
5.114200e+02 3.848900e+02
5.118700e+02 3.836600e+02
5.108700e+02 3.860700e+02
5.101300e+02 3.322600e+02
5.282800e+02 3.389200e+02
5.307600e+02 3.321600e+02
5.282100e+02 3.254300e+02
5.200800e+02 3.612900e+02
4.998700e+02 3.486600e+02
4.498000e+02 2.019500e+02
4.776000e+02 1.914500e+02
471 1.739900e+02
4.524100e+02 1.723500e+02
4.112500e+02 1.687200e+02
4.209100e+02 2.089000e+02
4.550500e+02 3.637300e+02
4.549500e+02 3.732300e+02
4.607100e+02 3.560800e+02
4.551600e+02 3.542200e+02
4.582400e+02 3.542500e+02
4.887900e+02 3.417200e+02
4.910900e+02 3.288500e+02
4.762200e+02 3.453300e+02
4.704400e+02 3.251500e+02
4.707400e+02 270
4.375100e+02 2.779800e+02
5.027100e+02 2.579200e+02
4.437700e+02 3.040200e+02
4.500300e+02 3.300600e+02
4.705500e+02 3.041700e+02
5.066900e+02 2.949900e+02
5.154600e+02 2.916700e+02
4.808200e+02 3.165100e+02
5.096500e+02 3.271400e+02
4.866300e+02 2.810400e+02
4.618800e+02 3.521500e+02
4.606200e+02 3.482400e+02
4.578900e+02 3.511900e+02
4.657600e+02 3.507900e+02
4.575400e+02 3.481300e+02
4.637700e+02 3.483500e+02
4.592600e+02 3.497100e+02
4.593000e+02 3.536300e+02
4.632400e+02 3.534400e+02
4.631900e+02 3.495100e+02
4.704300e+02 3.469900e+02
4.646400e+02 3.453200e+02
4.542700e+02 3.373900e+02
4.538200e+02 3.458400e+02
4.585000e+02 3.447100e+02
4.601700e+02 3.434500e+02
4.519300e+02 3.379500e+02
4.561600e+02 3.452800e+02
4.596100e+02 3.444500e+02
4.593300e+02 3.440800e+02
4.551000e+02 3.367600e+02
4.586200e+02 3.452000e+02
4.590500e+02 3.454400e+02
4.566000e+02 3.461800e+02
4.541900e+02 3.473400e+02
4.545500e+02 3.488500e+02
4.618500e+02 3.457100e+02
4.598400e+02 3.468400e+02
4.624000e+02 3.443900e+02
4.626300e+02 3.467800e+02
4.551800e+02 3.514900e+02
4.406000e+02 5.752300e+02
4.315200e+02 6.178900e+02
4.787800e+02 5.541500e+02
4.496800e+02 5.325700e+02
4.691500e+02 5.367100e+02
6.038500e+02 5.650800e+02
6.342700e+02 5.269100e+02
5.580700e+02 5.481600e+02
5.814700e+02 4.848500e+02
6.811100e+02 4.321900e+02
6.615300e+02 4.357800e+02
6.857700e+02 4.515400e+02
6.653300e+02 4.564700e+02
6.243400e+02 3.721000e+02
6.093500e+02 3.762200e+02
6.123300e+02 3.819800e+02
6.168300e+02 3.857100e+02
6.228500e+02 3.692200e+02
6.108400e+02 3.791000e+02
6.137900e+02 3.847900e+02
6.145800e+02 3.838400e+02
6.265900e+02 3.739700e+02
6.111400e+02 3.825900e+02
6.107600e+02 3.838700e+02
6.093100e+02 3.803500e+02
6.069500e+02 3.774700e+02
6.113900e+02 3.927300e+02
6.049100e+02 3.866500e+02
6.153000e+02 4.007100e+02
5.985300e+02 4.022500e+02
6.078300e+02 3.852600e+02
6.160700e+02 3.932100e+02
6.101000e+02 3.936800e+02
5.976100e+02 3.752000e+02
5.966600e+02 3.762700e+02
5.979000e+02 3.738000e+02
5.960100e+02 3.744000e+02
5.977000e+02 3.761800e+02
5.987600e+02 3.752400e+02
5.983400e+02 3.740900e+02
5.972800e+02 3.750400e+02
5.664600e+02 3.282800e+02
5.722500e+02 3.346200e+02
5.654700e+02 3.197500e+02
5.651500e+02 3.198000e+02
5.578700e+02 3.283500e+02
5.653100e+02 3.197800e+02
5.583700e+02 3.468500e+02
5.688600e+02 3.271900e+02
5.615100e+02 3.240700e+02
5.650600e+02 3.314800e+02
5.644900e+02 3.137400e+02
5.659200e+02 3.138500e+02
5.617800e+02 3.165500e+02
5.623900e+02 3.106200e+02
5.200500e+02 3.701600e+02
5.357800e+02 3.692700e+02
5.280100e+02 3.565600e+02
5.353100e+02 3.608300e+02
5.530600e+02 3.701800e+02
5.630700e+02 3.843000e+02
5.684800e+02 3.623500e+02
5.425400e+02 3.564400e+02
5.775500e+02 3.762300e+02
5.494200e+02 3.767900e+02
5.657800e+02 3.733200e+02
5.555100e+02 3.594000e+02
5.391600e+02 3.628600e+02
5.467800e+02 3.272500e+02
5.399900e+02 3.360900e+02
5.424000e+02 3.375000e+02
5.455700e+02 3.265400e+02
5.411900e+02 3.368000e+02
5.501300e+02 3.329300e+02
5.545200e+02 3.226700e+02
5.352000e+02 3.470300e+02
534 3.463200e+02
5.424700e+02 3.469700e+02
5.352700e+02 3.565000e+02
5.776600e+02 3.494700e+02
5.867300e+02 3.624300e+02
5.925600e+02 3.441700e+02
5.922500e+02 3.541300e+02
5.776100e+02 3.623900e+02
5.896400e+02 3.533000e+02
5.824000e+02 3.393900e+02
5.703700e+02 3.484800e+02
5.908500e+02 3.651600e+02
5.927900e+02 3.697100e+02
5.955200e+02 3.635400e+02
5.970300e+02 3.679000e+02
6.013500e+02 3.638600e+02
6.012700e+02 3.697000e+02
6.054900e+02 3.597400e+02
6.014300e+02 3.580200e+02
6.033800e+02 3.647200e+02
6.034600e+02 3.588800e+02
5.984700e+02 3.607800e+02
5.983900e+02 3.666200e+02
6.104100e+02 3.425000e+02
6.124400e+02 3.433700e+02
5.969900e+02 3.510900e+02
6.059700e+02 3.355800e+02
5.937900e+02 3.720600e+02
5.940400e+02 3.746000e+02
5.963200e+02 3.724500e+02
5.973600e+02 3.728300e+02
5.984600e+02 3.727200e+02
5.983400e+02 3.723100e+02
5.984000e+02 3.725200e+02
5.981800e+02 3.732600e+02
5.973300e+02 3.723800e+02
5.971100e+02 3.731200e+02
5.999300e+02 3.711500e+02
5.998200e+02 3.731100e+02
5.986000e+02 3.726000e+02
6.005400e+02 3.714100e+02
5.992100e+02 3.728600e+02
5.984700e+02 3.724600e+02
5.998100e+02 371
5.985600e+02 3.726900e+02
5.990600e+02 3.730600e+02
5.996600e+02 3.734900e+02
5.942900e+02 3.770900e+02
5.937900e+02 3.795400e+02
5.712100e+02 4.088600e+02
5.507700e+02 4.247400e+02
5.951200e+02 4.187500e+02
5.879500e+02 3.891300e+02
5.569200e+02 4.045200e+02
5.729500e+02 4.217400e+02
5.915400e+02 4.039400e+02
5.755100e+02 3.867100e+02
5.964000e+02 3.877000e+02
5.964300e+02 3.878900e+02
6.036200e+02 3.840800e+02
5.980600e+02 3.805200e+02
5.908700e+02 3.843400e+02
6.266700e+02 4.337400e+02
6.454000e+02 4.632100e+02
6.202600e+02 4.409800e+02
6.534700e+02 4.495000e+02
6.384200e+02 4.182500e+02
6.052100e+02 4.097300e+02
6.784300e+02 5.018100e+02
6.398400e+02 4.950600e+02
6.813500e+02 5.099000e+02
7.071100e+02 4.722200e+02
6.655900e+02 4.573800e+02
4.766100e+02 4.070800e+02
5.153100e+02 4.179100e+02
4.542300e+02 4.404600e+02
4.545900e+02 4.068500e+02
4.890700e+02 4.408400e+02
5.130900e+02 4.019900e+02
4.829100e+02 3.796500e+02
4.847700e+02 4.291800e+02
4.824200e+02 5.181500e+02
4.713400e+02 5.169200e+02
4.871700e+02 5.282300e+02
4.892600e+02 5.093500e+02
4.735300e+02 4.971300e+02
5.035900e+02 5.204900e+02
4.915200e+02 5.439500e+02
5.078300e+02 5.437900e+02
5.068400e+02 5.383500e+02
5.073400e+02 5.410700e+02
4.933100e+02 5.489700e+02
497 5.332900e+02
4.829700e+02 5.411900e+02
5.338000e+02 5.362400e+02
5.200900e+02 5.129400e+02
5.329500e+02 5.459800e+02
5.134700e+02 5.256400e+02
5.390800e+02 5.305500e+02
5.058000e+02 5.014900e+02
5.139700e+02 4.851000e+02
4.919300e+02 4.895200e+02
5.025200e+02 4.851400e+02
5.170300e+02 4.990200e+02
5.029500e+02 4.873100e+02
4.906000e+02 4.994300e+02
5.046700e+02 5.111400e+02
5.139200e+02 4.697100e+02
5.205300e+02 4.558200e+02
4.991900e+02 4.741800e+02
4.680700e+02 4.688400e+02
4.536200e+02 4.969100e+02
4.539200e+02 4.686900e+02
4.767100e+02 4.573200e+02
4.727800e+02 4.932200e+02
4.955600e+02 4.818500e+02
5.303800e+02 4.351500e+02
4.534300e+02 5.149400e+02
4.252700e+02 6.472800e+02
4.190100e+02 6.766800e+02
4.369700e+02 6.749600e+02
4.282600e+02 6.786400e+02
4.117400e+02 6.878300e+02
4.182800e+02 6.801400e+02
4.149500e+02 6.789400e+02
420 6.832400e+02
3.345000e+02 6.651900e+02
3.393800e+02 6.516500e+02
2.917400e+02 6.344500e+02
3.232200e+02 6.741300e+02
3.275100e+02 6.795500e+02
3.318100e+02 6.849700e+02
3.344300e+02 6.795800e+02
3.344200e+02 6.829100e+02
3.308600e+02 6.885200e+02
3.321600e+02 6.854100e+02
3.316100e+02 6.852800e+02
3.326400e+02 6.857100e+02
2.283600e+02 7.056300e+02
2.382500e+02 6.634000e+02
2.196800e+02 6.590500e+02
2.039200e+02 6.698000e+02
1.810200e+02 6.854100e+02
1.855800e+02 7.127600e+02
1.928600e+02 7.360200e+02
1.895500e+02 7.365700e+02
1.898100e+02 7.381400e+02
1.911800e+02 7.389300e+02
1.875600e+02 7.246600e+02
1.954100e+02 7.338300e+02
4.142400e+02 7.770900e+02
4.118800e+02 7.824100e+02
4.165700e+02 7.824200e+02
4.142200e+02 7.834500e+02
4.218700e+02 8.364700e+02
4.472100e+02 8.399900e+02
4.436400e+02 8.230200e+02
4.238300e+02 8.109500e+02
4.236600e+02 8.449500e+02
4.454300e+02 8.315100e+02
4.401500e+02 8.064500e+02
4.337300e+02 8.169900e+02
4.119600e+02 8.304300e+02
4.623700e+02 8.279400e+02
4.568300e+02 8.093900e+02
4.641600e+02 8.364200e+02
4.502300e+02 8.162000e+02
4.689700e+02 8.211200e+02
4.586900e+02 7.987800e+02
4.685100e+02 7.943400e+02
4.498800e+02 7.925900e+02
4.607300e+02 7.771400e+02
4.224300e+02 7.892100e+02
420 7.870800e+02
4.215800e+02 7.923300e+02
4.255800e+02 7.899600e+02
4.166100e+02 7.909700e+02
4.248000e+02 7.932100e+02
4.201400e+02 8.019500e+02
4.133700e+02 7.949600e+02
4.273300e+02 7.953900e+02
4.174700e+02 7.936500e+02
4.186000e+02 8.029600e+02
4.255800e+02 8.031700e+02
4.244600e+02 7.938600e+02
4.379800e+02 7.889600e+02
4.418400e+02 7.771400e+02
4.386100e+02 7.939900e+02
4.458600e+02 7.848600e+02
4.337100e+02 7.835500e+02
4.264600e+02 7.926800e+02
4.160200e+02 7.864200e+02
4.122200e+02 7.850500e+02
4.123500e+02 7.880800e+02
4.102200e+02 7.866500e+02
4.182800e+02 7.847500e+02
4.144000e+02 7.837300e+02
4.122800e+02 7.865700e+02
4.161700e+02 7.875800e+02
4.086400e+02 7.887200e+02
4.081800e+02 7.888100e+02
4.090600e+02 7.889400e+02
4.085900e+02 7.866900e+02
4.077600e+02 7.867100e+02
4.084400e+02 7.901500e+02
4.085300e+02 7.843800e+02
4.073400e+02 7.846100e+02
4.097200e+02 7.841400e+02
3.978400e+02 7.887000e+02
3.875100e+02 7.885800e+02
4.078300e+02 7.913700e+02
3.974200e+02 7.866000e+02
408 7.900900e+02
3.976700e+02 7.899700e+02
4.115400e+02 7.917200e+02
4.106000e+02 7.931600e+02
4.107000e+02 7.885100e+02
4.128600e+02 7.915200e+02
4.112500e+02 7.838300e+02
3.862100e+02 7.888400e+02
3.849000e+02 7.891000e+02
3.849300e+02 7.892100e+02
3.849100e+02 7.891600e+02
3.848300e+02 7.890800e+02
3.848900e+02 7.891000e+02
3.848900e+02 7.890900e+02
3.848700e+02 7.891200e+02
4.032700e+02 7.671300e+02
4.018600e+02 7.563100e+02
3.923800e+02 7.664900e+02
3.929100e+02 7.574800e+02
4.382600e+02 7.600400e+02
4.260700e+02 7.475300e+02
4.557000e+02 7.589300e+02
4.485900e+02 7.332000e+02
4.239300e+02 7.567000e+02
4.318200e+02 7.715000e+02
4.487700e+02 7.680300e+02
4.408800e+02 7.532300e+02
4.797800e+02 7.892500e+02
4.895000e+02 7.969000e+02
4.796100e+02 7.768800e+02
5.055400e+02 7.765200e+02
5.190100e+02 8.177000e+02
5.190600e+02 8.095800e+02
5.109100e+02 8.171200e+02
5.114500e+02 8.095300e+02
5.250500e+02 7.934000e+02
5.314600e+02 7.773700e+02
5.101100e+02 8.020400e+02
5.304100e+02 7.993400e+02
5.366100e+02 7.832400e+02
5.207800e+02 7.897100e+02
5.145900e+02 8.058100e+02
4.971000e+02 8.102900e+02
4.998100e+02 7.994700e+02
4.913400e+02 8.110400e+02
5.020400e+02 8.211500e+02
5.105100e+02 8.095800e+02
5.717000e+02 7.746000e+02
5.748500e+02 7.702600e+02
5.724100e+02 7.692900e+02
5.729200e+02 7.750800e+02
5.736300e+02 7.697800e+02
5.694200e+02 7.723900e+02
5.687100e+02 7.777000e+02
5.786500e+02 7.572200e+02
5.848900e+02 7.451500e+02
5.654000e+02 7.542200e+02
5.798700e+02 7.577000e+02
5.703200e+02 7.393200e+02
5.689100e+02 7.617500e+02
5.751500e+02 7.496800e+02
5.992700e+02 7.092000e+02
5.639200e+02 7.249900e+02
5.533300e+02 7.401800e+02
5.364300e+02 7.326100e+02
5.523600e+02 7.586700e+02
5.384500e+02 7.492700e+02
5.501800e+02 7.288000e+02
5.444000e+02 7.456400e+02
5.588800e+02 7.564400e+02
5.646600e+02 7.396000e+02
4.778200e+02 7.223900e+02
4.652700e+02 7.123600e+02
4.748200e+02 7.381800e+02
4.929500e+02 7.277800e+02
4.883400e+02 7.407400e+02
4.752600e+02 7.577700e+02
4.943000e+02 7.531500e+02
4.652600e+02 7.485600e+02
4.676600e+02 7.679000e+02
4.869600e+02 7.650100e+02
4.845600e+02 7.456600e+02
5.136700e+02 7.393900e+02
5.255100e+02 7.599800e+02
5.099100e+02 7.565600e+02
5.309700e+02 7.462900e+02
5.146900e+02 7.301900e+02
4.936300e+02 7.404600e+02
5.392200e+02 7.650100e+02
5.284900e+02 7.686800e+02
5.419000e+02 7.743900e+02
5.523500e+02 7.650300e+02
5.389400e+02 7.593200e+02
4.228500e+02 6.883600e+02
4.195200e+02 6.931900e+02
4.287000e+02 6.880900e+02
4.292600e+02 6.998900e+02
3.979000e+02 6.736600e+02
3.814200e+02 6.668300e+02
3.808600e+02 6.683800e+02
4.027700e+02 6.908200e+02
3.981800e+02 6.728800e+02
3.811400e+02 6.676100e+02
3.686400e+02 7.022200e+02
3.918200e+02 6.796000e+02
4.088600e+02 6.848800e+02
3.601200e+02 6.600200e+02
3.442500e+02 6.757700e+02
3.604000e+02 6.592400e+02
3.625600e+02 6.720800e+02
3.418200e+02 6.637100e+02
3.400900e+02 6.796100e+02
3.373100e+02 6.845400e+02
3.229400e+02 6.832500e+02
3.142600e+02 6.812200e+02
3.281600e+02 6.904700e+02
3.088000e+02 7.045000e+02
1.989600e+02 7.410800e+02
2.047200e+02 7.467200e+02
2.067300e+02 7.432200e+02
1.979500e+02 7.428200e+02
2.057300e+02 7.449700e+02
2.010700e+02 7.385300e+02
1.933000e+02 7.363800e+02
2.379200e+02 7.634900e+02
2.691100e+02 7.837500e+02
2.609300e+02 7.342600e+02
2.369200e+02 7.652400e+02
2.852700e+02 7.556600e+02
2.338300e+02 7.387400e+02
2.650200e+02 7.590100e+02
3.849000e+02 7.892200e+02
3.848800e+02 7.892300e+02
3.848800e+02 7.891700e+02
3.848600e+02 7.891800e+02
3.848600e+02 7.891300e+02
3.848500e+02 7.891300e+02
3.841600e+02 7.893800e+02
3.848000e+02 7.890300e+02
3.834800e+02 7.896700e+02
3.814700e+02 7.838200e+02
3.848300e+02 7.890800e+02
3.841800e+02 7.894500e+02
3.841400e+02 7.893500e+02
3.868100e+02 7.766100e+02
3.877900e+02 7.702000e+02
3.804100e+02 7.777200e+02
3.856000e+02 7.844500e+02
3.788700e+02 7.688300e+02
3.849100e+02 7.889600e+02
3.742900e+02 7.940400e+02
3.752800e+02 7.839100e+02
3.729900e+02 7.839400e+02
3.676900e+02 8.017800e+02
3.741400e+02 7.839300e+02
3.419000e+02 7.844000e+02
3.793800e+02 7.867900e+02
3.703400e+02 7.928600e+02
3.755800e+02 7.957300e+02
3.740400e+02 7.776600e+02
3.705600e+02 7.723300e+02
3.778500e+02 7.808100e+02
3.717800e+02 7.781400e+02
3.754900e+02 7.750200e+02
3.823800e+02 7.588100e+02
3.858900e+02 7.631500e+02
3.847100e+02 7.537300e+02
3.769200e+02 7.600200e+02
3.745000e+02 7.490600e+02
4.010600e+02 7.501900e+02
4.052500e+02 7.456600e+02
3.950700e+02 7.487200e+02
3.975600e+02 7.385600e+02
4.166300e+02 6.974000e+02
4.115200e+02 6.972800e+02
4.177100e+02 7.023900e+02
4.113700e+02 7.037600e+02
4.044900e+02 7.106300e+02
4.116000e+02 7.102400e+02
4.048900e+02 7.035300e+02
4.046000e+02 7.035200e+02
4.014200e+02 7.170600e+02
4.047500e+02 7.035200e+02
412 7.218500e+02
4.082400e+02 7.068800e+02
4.030100e+02 7.102900e+02
4.065100e+02 7.136500e+02
4.049800e+02 6.969800e+02
4.082100e+02 7.004000e+02
4.036800e+02 6.971700e+02
4.071400e+02 6.940500e+02
4.234100e+02 7.131300e+02
4.231000e+02 7.252900e+02
4.351900e+02 7.101100e+02
4.173500e+02 7.177600e+02
4.291400e+02 7.177000e+02
4.264500e+02 7.062500e+02
4.146500e+02 7.063100e+02
3.978400e+02 7.249600e+02
3.910500e+02 7.303700e+02
4.044100e+02 7.306400e+02
4.164800e+02 7.374900e+02
4.048300e+02 7.381500e+02
4.156600e+02 7.465900e+02
4.245800e+02 7.364100e+02
4.137500e+02 7.279600e+02
3.850800e+02 7.412900e+02
3.731100e+02 7.379200e+02
3.820800e+02 7.341400e+02
3.789100e+02 7.458200e+02
3.898900e+02 7.512200e+02
3.930600e+02 7.395400e+02
3.207900e+02 7.224400e+02
3.426100e+02 7.270400e+02
3.326900e+02 7.035900e+02
2.988100e+02 7.262200e+02
3.155500e+02 7.441200e+02
3.308000e+02 7.383000e+02
3.376500e+02 7.153200e+02
3.157500e+02 7.149000e+02
3.071800e+02 7.351700e+02
3.290800e+02 7.355800e+02
3.206600e+02 7.575300e+02
3.141700e+02 7.703300e+02
3.346200e+02 7.541700e+02
3.636400e+02 7.609500e+02
3.517700e+02 7.549100e+02
3.633600e+02 7.476400e+02
3.545800e+02 7.465200e+02
3.611700e+02 7.636200e+02
3.737400e+02 7.661700e+02
3.701400e+02 7.538300e+02
3.575700e+02 7.512800e+02
3.652000e+02 7.397400e+02
3.577600e+02 7.365100e+02
3.572600e+02 7.380900e+02
3.575100e+02 7.373000e+02
3.654300e+02 7.372100e+02
3.603100e+02 7.428600e+02
3.682400e+02 7.427800e+02
3.485200e+02 7.344400e+02
3.462200e+02 7.436300e+02
3.501800e+02 7.317800e+02
3.517400e+02 7.408600e+02
3.444100e+02 7.353400e+02
3.433000e+02 7.520800e+02
2.977500e+02 7.975600e+02
3.240800e+02 8.153800e+02
3.263900e+02 8.113600e+02
2.966000e+02 7.995600e+02
3.252400e+02 8.133700e+02
3.202800e+02 7.908400e+02
2.916400e+02 7.770400e+02
3.522200e+02 8.288900e+02
3.510600e+02 8.308900e+02
3.470400e+02 8.065700e+02
3.728600e+02 8.241000e+02
2.717000e+02 6.917600e+02
2.762600e+02 6.723100e+02
3.065300e+02 7.037200e+02
2.495900e+02 6.988300e+02
2.798700e+02 7.302400e+02
3.354300e+02 6.869600e+02
3.339800e+02 6.896500e+02
3.348200e+02 6.899600e+02
3.344000e+02 6.898100e+02
3.333100e+02 6.876800e+02
3.360700e+02 6.872500e+02
3.349700e+02 6.851300e+02
3.319800e+02 6.964900e+02
3.310700e+02 6.900600e+02
3.337600e+02 6.967700e+02
3.304300e+02 6.970300e+02
4.507000e+02 7.050100e+02
4.448300e+02 6.897800e+02
4.391700e+02 6.934600e+02
442 6.916200e+02
4.550500e+02 7.010700e+02
4.371800e+02 7.017800e+02
4.502300e+02 7.112300e+02
4.372500e+02 6.843100e+02
4.409000e+02 6.823700e+02
4.339400e+02 6.907700e+02
4.328400e+02 6.815200e+02
3.884000e+02 7.662600e+02
