0.099089 0.68885
0.74961 0.65259
0.82549 0.15562
0.1957 0.057357
0.48891 0.69061
0.88895 0.086652
0.58174 0.9648
0.79155 0.74118
0.20467 0.77448
0.24243 0.63597
0.44681 0.40408
0.5407 0.070067
0.91401 0.027274
0.18901 0.10599
0.76626 0.8368
0.29038 0.86535
0.52564 0.039988
0.51795 0.35113
0.19561 0.71364
0.40849 0.68451
0.40425 0.29744
0.77116 0.98599
0.26224 0.56271
0.72717 0.46692
0.33719 0.9696
0.10289 0.784
0.37368 0.64358
0.85407 0.28769
0.67086 0.043079
0.39367 0.43712
0.87988 0.68405
0.30247 0.40552
0.72404 0.82042
0.75665 0.91964
0.53407 0.16514
0.60415 0.93832
0.46258 0.37532
0.92431 0.72482
0.93803 0.65148
0.19174 0.27522
0.62108 0.29463
0.059228 0.99476
0.93821 0.9133
0.28245 0.60907
0.95638 0.67612
0.046191 0.83626
0.36017 0.34867
0.24178 0.084209
0.16909 0.99843
0.003852 0.70315
0.16357 0.60801
0.64147 0.62615
0.98333 0.56578
0.35097 0.92136
0.21726 0.54271
0.19658 0.83834
0.83734 0.25581
0.8331 0.77555
0.16911 0.11554
0.38462 0.12548
0.79166 0.43081
0.96174 0.15183
0.77948 0.20352
0.23604 0.94856
0.20195 0.23989
0.65172 0.36552
0.8479 0.29319
0.99167 0.83123
0.85896 0.34264
0.75258 0.076221
0.88536 0.94916
0.91456 0.7227
0.20497 0.74766
0.49825 0.37407
0.8632 0.88287
0.49956 0.65487
0.31368 0.4613
0.8067 0.093156
0.66481 0.042744
0.041719 0.86676
0.28264 0.69344
0.23228 0.13054
0.98662 0.22395
0.96177 0.84559
0.56659 0.71435
0.92181 0.45195
0.66351 0.83637
0.17465 0.86848
0.58403 0.6729
0.24255 0.44723
0.55577 0.74211
0.1021 0.86945
0.20341 0.9088
0.96261 0.86822
0.95154 0.004324
0.73498 0.23418
0.69776 0.96725
0.36472 0.68438
0.1912 0.32649
0.52997 0.75779
0.040835 0.45177
0.20974 0.70434
0.28814 0.38439
0.57282 0.87217
0.057285 0.81537
0.3194 0.61305
0.55748 0.4215
0.4825 0.76089
0.3303 0.44511
0.62911 0.28184
0.44943 0.36408
0.51602 0.14719
0.33134 0.88074
0.83157 0.52254
0.20722 0.36154
0.28033 0.24806
0.81331 0.49007
0.9524 0.10146
0.87446 0.52523
0.97362 0.93175
0.3406 0.29302
0.5448 0.89808
0.71452 0.027298
0.65897 0.044818
0.4724 0.28808
0.32666 0.92183
0.65216 0.84267
0.069024 0.9835
0.72341 0.90059
0.50604 0.93064
0.26213 0.78637
0.1787 0.075446
0.27644 0.1311
0.1769 0.1509
0.65633 0.15053
0.082649 0.99693
0.44355 0.62745
0.89501 0.15807
0.65474 0.55398
0.20289 0.12715
0.84205 0.52955
0.048982 0.49422
0.37222 0.11801
0.47771 0.095634
0.0186 0.98375
0.02627 0.28073
0.77012 0.20497
0.35618 0.046567
0.33607 0.53308
0.19747 0.99239
0.68361 0.28012
0.98932 0.12716
0.90756 0.88433
0.28523 0.56231
0.43831 0.48813
0.68946 0.28036
0.017673 0.73844
0.77458 0.38989
0.85645 0.25229
0.48553 0.87505
0.23604 0.5118
0.15578 0.006165
0.71676 0.51196
0.052731 0.052831
0.045038 0.2502
0.045223 0.72864
0.53032 0.034542
0.8558 0.43789
0.91887 0.14104
0.000195 0.35718
0.62916 0.68965
0.63754 0.64684
0.42809 0.41212
0.036731 0.28454
0.66441 0.52226
0.15958 0.90045
0.034059 0.31536
0.90661 0.75082
0.82732 0.95934
0.80365 0.87236
0.20955 0.84888
0.601 0.73987
0.88342 0.45681
0.17775 0.80229
0.59784 0.17795
0.15946 0.22701
0.8676 0.797
0.87384 0.29569
0.20912 0.91058
0.58023 0.87352
0.43283 0.73982
0.77397 0.46689
0.055179 0.68058
0.21772 0.8825
0.63992 0.02137
0.75486 0.84947
0.87025 0.35586
0.58934 0.75367
0.81267 0.76709
0.55595 0.41051
0.94504 0.71542
0.63752 0.81264
0.51242 0.51136
0.10833 0.72154
0.42194 0.68856
0.59506 0.85477
0.42838 0.36903
0.32166 0.48356
0.049607 0.53938
0.36605 0.68953
0.56075 0.12091
0.539 0.431
0.47677 0.12834
0.18466 0.28944
0.89543 0.74062
0.69995 0.84046
0.45603 0.33747
0.6531 0.96845
0.84883 0.76143
0.68999 0.27077
0.44999 0.28504
0.12554 0.87836
0.65407 0.4472
0.36192 0.70368
0.98658 0.72797
0.39321 0.54733
0.84888 0.93221
0.97833 0.32565
0.060546 0.16299
0.61509 0.95597
0.90361 0.31504
0.79643 0.35964
0.65251 0.44953
0.32809 0.50134
0.21095 0.018076
0.77211 0.66094
0.30312 0.89765
0.5393 0.95719
0.34485 0.90122
0.66087 0.33143
0.62919 0.054077
0.87876 0.47807
0.98629 0.85709
0.80373 0.046833
0.020081 0.41882
0.002804 0.92369
0.73386 0.79924
0.28333 0.38637
0.24876 0.61142
0.88771 0.45972
0.62949 0.65982
0.12066 0.93261
0.55747 0.65996
0.8898 0.90232
0.56118 0.55067
0.23375 0.19037
0.60474 0.11251
0.66844 0.59103
0.9696 0.47216
0.63787 0.98969
0.89098 0.64067
0.91337 0.62484
0.4399 0.1967
0.011211 0.68867
0.80811 0.89892
0.14838 0.43761
0.55875 0.26904
0.37022 0.11622
0.929 0.26002
0.01854 0.49018
0.81069 0.25229
0.68054 0.41543
0.3648 0.34898
0.006463 0.33441
0.82114 0.64433
0.32409 0.71212
0.285 0.23747
0.33696 0.7249
0.43417 0.34817
0.41357 0.24228
0.2471 0.56195
0.67988 0.80585
0.83099 0.050101
0.92207 0.75999
0.31012 0.94061
0.25016 0.1208
0.1929 0.9307
0.53624 0.5577
0.27968 0.5427
0.89211 0.10082
0.18702 0.2162
0.81295 0.47202
0.45367 0.14991
0.19692 0.88783
0.49808 0.61048
0.13011 0.74518
0.17243 0.81
0.55102 0.003419
0.8601 0.47309
0.7634 0.17022
0.4137 0.013564
0.29102 0.6066
0.94427 0.82725
0.1643 0.22395
0.36995 0.056409
0.32477 0.55698
0.27261 0.13772
0.028997 0.72628
0.28762 0.22592
0.61411 0.7857
0.8364 0.74423
0.53088 0.008833
0.55422 0.0819
0.012252 0.41432
0.55499 0.77566
0.58454 0.96869
0.78922 0.87556
0.57529 0.73349
0.70281 0.73959
0.95743 0.072762
0.79599 0.2822
0.62974 0.068607
0.41992 0.65874
0.79489 0.70754
0.88465 0.409
0.49324 0.72105
0.15323 0.024117
0.72989 0.70746
0.10602 0.74214
0.12178 0.66101
0.5178 0.70632
0.6297 0.30701
0.58187 0.20498
0.0405 0.28468
0.94457 0.99793
0.35744 0.74056
0.28014 0.98718
0.80917 0.70005
0.64592 0.60406
0.40759 0.53057
0.013063 0.90083
0.25163 0.16629
0.92495 0.98151
0.87375 0.030967
0.72365 0.99553
0.69198 0.24145
0.70185 0.32167
0.54846 0.28372
0.52666 0.58896
0.5684 0.47123
0.58689 0.92584
0.21179 0.86703
0.91303 0.020958
0.56708 0.55895
0.62502 0.97467
0.089519 0.63808
0.8755 0.34114
0.80437 0.80045
0.32266 0.67813
0.83142 0.04631
0.67366 0.5234
0.28776 0.3755
0.84507 0.83622
0.65922 0.37173
0.42518 0.22762
0.84296 0.012071
0.15347 0.054744
0.8791 0.066494
0.075703 0.44618
0.62544 0.70072
0.42085 0.71496
0.3388 0.29635
0.056104 0.14317
0.096809 0.37876
0.8213 0.92823
0.42507 0.49496
0.45163 0.71283
0.87046 0.2967
0.54905 0.52969
0.66843 0.97422
0.75731 0.51139
0.98629 0.91077
0.56613 0.86539
0.97727 0.64183
0.31157 0.60271
0.34255 0.73242
0.31767 0.68135
0.028775 0.37377
0.82453 0.12558
0.75253 0.64583
0.053815 0.1776
0.14079 0.50544
0.89043 0.011255
0.80214 0.43948
0.54094 0.47058
0.4137 0.29825
0.98196 0.39999
0.20902 0.54809
0.26538 0.18629
0.18993 0.57695
0.789 0.53248
0.30938 0.10667
0.21383 0.33815
0.48044 0.038361
0.46373 0.23297
0.68419 0.51755
0.41058 0.82498
0.022992 0.30101
0.83624 0.82514
0.74048 0.37718
0.29571 0.15418
0.67543 0.27767
0.55418 0.88445
0.82577 0.81956
0.070741 0.015692
0.39652 0.85974
0.54817 0.70589
0.96641 0.762
0.044041 0.44684
0.80036 0.50777
0.67982 0.48456
0.025323 0.090392
0.30954 0.048315
0.3914 0.14578
0.87345 0.13188
0.52295 0.16917
0.28607 0.19838
0.44684 0.84025
0.082831 0.27261
0.65981 0.15357
0.2883 0.056324
0.013311 0.83647
0.76222 0.97972
0.59847 0.80626
0.42656 0.39883
0.31403 0.10638
0.88339 0.33936
0.19677 0.19293
0.38767 0.58817
0.3387 0.26112
0.72006 0.86166
0.43029 0.006124
0.060039 0.87713
0.84637 0.14287
0.14973 0.50618
0.29644 0.43803
0.5625 0.30975
0.2745 0.32471
0.28947 0.87297
0.13097 0.71603
0.2718 0.445
0.82241 0.15519
0.78436 0.019187
0.34812 0.17203
0.60736 0.68682
0.43315 0.32742
0.54848 0.86344
0.33354 0.60852
0.74057 0.17991
0.75139 0.8903
0.68608 0.047832
0.32833 0.24858
0.35758 0.60283
0.5733 0.64706
0.47579 0.70427
0.36309 0.7476
0.14927 0.1855
0.90279 0.93363
0.20469 0.25091
0.10566 0.81205
0.93773 0.53881
0.13947 0.48622
0.40225 0.473
0.094736 0.14281
0.65291 0.84613
0.03311 0.33899
0.89396 0.36144
0.58757 0.25154
0.96426 0.16087
0.8986 0.44006
0.86514 0.26169
0.18765 0.014411
0.44719 0.090441
0.94804 0.65188
0.34135 0.053699
0.46393 0.27908
0.59251 0.60339
0.7653 0.99475
0.076396 0.86003
0.13757 0.72931
0.70616 0.17068
0.068301 0.60012
0.53211 0.65588
0.85166 0.49638
0.81675 0.75026
0.93643 0.68189
0.011944 0.12409
0.6963 0.45913
0.21453 0.64434
0.11101 0.55588
0.69804 0.57494
0.83496 0.29055
0.17833 0.60026
0.2853 0.25473
0.46029 0.42287
0.98404 0.16645
0.59354 0.052337
0.76656 0.12566
0.70821 0.61823
0.62204 0.52496
0.36848 0.55847
0.20685 0.38043
0.68256 0.90314
0.83956 0.89708
0.54748 0.95057
0.45296 0.24552
0.52551 0.28792
0.53607 0.70384
0.88817 0.82137
0.95857 0.34846
0.24424 0.94261
0.51491 0.83778
0.99494 0.28147
0.96344 0.70316
0.8997 0.58547
0.22812 0.26818
0.14394 0.43496
0.64861 0.82649
0.33811 0.48817
0.72358 0.88559
0.43874 0.17654
0.13112 0.96425
0.46446 0.66718
0.66809 0.35263
0.48855 0.62666
0.70109 0.73279
0.56927 0.216
0.57057 0.56421
0.49748 0.534
0.26737 0.39717
0.11947 0.49549
0.66535 0.26341
0.93045 0.31396
0.089907 0.26856
0.80213 0.81348
0.15415 0.24086
0.99002 0.28527
0.20511 0.45448
0.95245 0.8732
0.80711 0.441
0.49986 0.5082
0.17379 0.069132
0.7242 0.74436
0.63335 0.22167
0.27836 0.90071
0.61885 0.39784
0.3962 0.2842
0.66125 0.32665
0.59816 0.75116
0.59521 0.40029
0.56464 0.74936
0.64116 0.55466
0.034632 0.84627
0.009135 0.98708
0.71947 0.81624
0.42809 0.21934
0.32444 0.60188
0.28847 0.048639
0.34624 0.92181
0.27031 0.6246
0.82253 0.88916
0.022437 0.21873
0.17336 0.68369
0.54538 0.77153
0.43484 0.14059
0.17182 0.99948
0.88996 0.81298
0.55414 0.92459
0.65925 0.56327
0.91167 0.37872
0.37952 0.33976
0.59806 0.70396
0.94164 0.88652
0.7526 0.28788
0.80834 0.022909
0.91248 0.63086
0.91207 0.93492
0.84959 0.085433
0.61861 0.39497
0.85696 0.053447
0.53556 0.028779
0.052928 0.42552
0.84176 0.60707
0.35011 0.501
0.17034 0.26178
0.87972 0.54986
0.60154 0.47778
0.25382 0.54319
0.3643 0.006411
0.83107 0.17263
0.02932 0.74355
0.8035 0.94139
0.67847 0.65309
0.026823 0.29707
0.048063 0.88378
0.35052 0.58363
0.91256 0.40345
0.00915 0.75432
0.010516 0.35926
0.25532 0.18086
0.62104 0.13504
0.73072 0.22259
0.61282 0.98454
0.76577 0.97711
0.99095 0.59684
0.14975 0.020266
0.34039 0.95325
0.96166 0.018857
0.60633 0.98848
0.31593 0.6544
0.87226 0.66645
0.23803 0.78482
0.069901 0.24718
0.53914 0.080417
0.60644 0.79446
0.26128 0.22748
0.9295 0.992
0.45007 0.54232
0.97653 0.21584
0.51943 0.96748
0.81268 0.66918
0.98774 0.15307
0.62243 0.9494
0.17193 0.22876
0.93788 0.48786
0.88316 0.81014
0.15431 0.12118
0.59496 0.22421
0.36836 0.13411
0.30463 0.9748
0.92857 0.56591
0.20228 0.85807
0.5579 0.65235
0.40039 0.53443
0.86819 0.91982
0.50191 0.68087
0.589 0.48965
0.83395 0.21143
0.43905 0.005874
0.44019 0.37693
0.49373 0.32334
0.18706 0.64804
0.44453 0.78202
0.87226 0.81289
0.91613 0.17689
0.78768 0.8447
0.74279 0.98996
0.70277 0.30069
0.64231 0.10316
0.83512 0.5105
0.022978 0.33703
0.19137 0.61198
0.82668 0.025315
0.82341 0.26573
0.031189 0.26359
0.64266 0.52492
0.58694 0.82972
0.17297 0.031468
0.61174 0.045224
0.84436 0.52787
0.22211 0.63204
0.37257 0.9649
0.622 0.07534
0.26559 0.26431
0.1785 0.10072
0.7748 0.20148
0.43775 0.96617
0.81346 0.26443
0.99149 0.63686
0.53016 0.022675
0.90046 0.17282
0.5476 0.4874
0.002541 0.72057
0.51886 0.61428
0.76579 0.36322
0.14216 0.9879
0.99526 0.51473
0.9528 0.61726
0.59007 0.2184
0.88157 0.76857
0.31911 0.65637
0.97005 0.75687
0.62254 0.7835
0.021299 0.61403
0.42036 0.55146
0.6367 0.32082
0.72429 0.1843
0.80822 0.72683
0.90486 0.32708
0.34111 0.67065
0.6903 0.48327
0.65855 0.68556
0.99801 0.61135
0.30282 0.58808
0.82975 0.18438
0.35665 0.14886
0.84075 0.3267
0.90573 0.46329
0.1102 0.92702
0.077315 0.53056
0.47849 0.71401
0.85138 0.20278
0.89831 0.6596
0.9296 0.80317
0.98668 0.27071
0.47383 0.67698
0.75398 0.13238
0.36254 0.75199
0.74373 0.66535
0.34007 0.57347
0.84974 0.69672
0.72233 0.69049
0.023411 0.62806
0.15378 0.13361
0.55508 0.23109
0.66417 0.033572
0.94511 0.51555
0.23635 0.84342
0.17515 0.16595
0.64659 0.16183
0.43666 0.12042
0.83881 0.19064
0.2528 0.20135
0.94263 0.99652
0.8667 0.2827
0.57 0.71644
0.97942 0.29233
0.40692 0.002827
0.92039 0.5607
0.13644 0.47547
0.79179 0.80061
0.50904 0.7369
0.31616 0.74539
0.58032 0.49131
0.91134 0.22691
0.65314 0.348
0.34733 0.49195
0.53864 0.60013
0.6933 0.48127
0.59665 0.56
0.76397 0.16665
0.27643 0.74339
0.45898 0.68336
0.74622 0.37937
0.24406 0.88265
0.85484 0.035857
0.68326 0.36388
0.77276 0.99942
0.10927 0.35308
0.49073 0.020611
0.57999 0.14387
0.36861 0.92732
0.63582 0.90725
0.52745 0.32912
0.38852 0.1241
0.88911 0.15249
0.29075 0.16555
0.89589 0.74973
0.84891 0.6421
0.1291 0.092973
0.52475 0.98394
0.12883 0.20801
0.34783 0.90159
0.20743 0.4571
0.25466 0.69815
0.47771 0.83465
0.84202 0.84632
0.76197 0.47784
0.75357 0.28942
0.80696 0.14209
0.41353 0.69607
0.29458 0.70428
0.86162 0.19046
0.45401 0.71053
0.83257 0.58312
0.80351 0.35732
0.56706 0.93234
0.56533 0.91488
0.83392 0.77276
0.37199 0.088588
0.47092 0.8497
0.92324 0.31294
0.69602 0.68522
0.79078 0.44958
0.97464 0.59774
0.59167 0.38817
0.29381 0.88625
0.09245 0.15544
0.076713 0.54646
0.86597 0.90928
0.12958 0.66948
0.2666 0.69664
0.60181 0.83193
0.61152 0.43573
0.6047 0.9835
0.52432 0.075612
0.8332 0.44756
0.38855 0.52921
0.13278 0.17933
0.9788 0.10742
0.77707 0.57046
0.49559 0.070889
0.45671 0.58804
0.22632 0.53342
0.1345 0.092295
0.44271 0.26408
0.76177 0.70931
0.96072 0.36358
0.54124 0.57224
0.79931 0.14594
0.55574 0.32364
0.22155 0.38894
0.7712 0.6101
0.91815 0.90398
0.78943 0.89695
0.011404 0.56651
0.46741 0.507
0.6374 0.92412
0.095037 0.86372
0.45755 0.22954
0.95602 0.90025
0.49362 0.71779
0.60956 0.45434
0.081366 0.1508
0.026572 0.88068
0.29674 0.58231
0.20432 0.51828
0.97125 0.97552
0.12838 0.8894
0.8795 0.91782
0.78635 0.89091
0.48432 0.25376
0.3979 0.12172
0.17789 0.49294
0.98544 0.63543
0.72248 0.94146
0.53568 0.2161
0.65924 0.14524
0.67044 0.74061
0.29604 0.69701
0.62129 0.59278
0.27932 0.82561
0.11106 0.25057
0.80113 0.23944
0.13997 0.68063
0.15726 0.92632
0.57154 0.64158
0.18009 0.96944
0.7633 0.35797
0.46238 0.74874
0.99341 0.18486
0.6902 0.52909
0.40096 0.34944
0.67433 0.071403
0.090052 0.97037
0.76841 0.71134
0.56315 0.047738
0.53695 0.67421
0.29831 0.33808
0.91366 0.43828
0.018706 0.070916
0.36461 0.59024
0.7125 0.5447
0.55968 0.4758
0.90267 0.022065
0.22455 0.89608
0.20693 0.91475
0.42517 0.60789
0.26419 0.099504
0.67929 0.35424
0.069879 0.44771
0.065583 0.63303
0.49545 0.60253
0.30724 0.79375
0.94061 0.2209
0.23204 0.95931
0.29182 0.59665
0.54956 0.004315
0.14134 0.10924
0.48012 0.044013
0.1313 0.70466
0.94009 0.33823
0.61941 0.36526
0.94612 0.8836
0.46476 0.62541
0.23784 0.53464
0.073119 0.30343
0.16768 0.56856
0.90596 0.47492
0.36232 0.84656
0.69582 0.59436
0.80587 0.98764
0.191 0.35543
0.99195 0.33235
0.46467 0.47207
0.37636 0.59597
0.17673 0.31645
0.9342 0.79614
0.68171 0.88032
0.67974 0.14648
0.50573 0.91759
0.68112 0.57885
0.22101 0.8488
0.14741 0.12697
0.32372 0.50973
0.97353 0.019536
0.10409 0.77941
0.00717 0.29509
0.13484 0.99912
0.62744 0.5995
0.47119 0.0038
0.19548 0.64792
0.32025 0.12968
0.44406 0.001963
0.009999 0.1238
0.14844 0.51573
0.041388 0.82956
0.094582 0.2624
0.67836 0.242
0.38937 0.002076
0.75173 0.3629
0.021612 0.85582
0.14231 0.028782
0.15092 0.27715
0.027902 0.77836
0.87665 0.49909
0.78216 0.072127
0.14701 0.10241
0.20181 0.59107
0.10437 0.2118
0.71487 0.25281
0.72754 0.75626
0.082376 0.82212
0.018658 0.76074
0.064115 0.40803
0.76281 0.81585
0.77093 0.78442
0.67167 0.91324
0.8132 0.82259
0.19039 0.84111
0.60095 0.067041
0.3402 0.38311
0.13917 0.4872
0.48552 0.34097
0.078271 0.58989
0.55278 0.79314
0.84271 0.28031
0.5494 0.92508
0.10243 0.56805
0.68582 0.16655
0.97608 0.44863
0.98239 0.74701
0.23305 0.65406
0.66026 0.046255
0.47665 0.85065
0.88736 0.077598
0.91769 0.22756
0.4607 0.056856
0.71476 0.94622
0.39783 0.79303
0.53611 0.95061
0.58617 0.37882
0.23092 0.13557
0.3039 0.33335
0.70362 0.98971
0.4999 0.6797
0.43834 0.48229
0.42672 0.67139
0.13635 0.086977
0.71765 0.61301
0.93763 0.60501
0.6906 0.85531
0.83257 0.15131
0.91217 0.54733
0.097529 0.31
0.34037 0.63364
0.26061 0.92654
0.012458 0.49153
0.062108 0.31636
0.82488 0.76573
0.30607 0.32478
0.44543 0.74441
0.80707 0.87215
0.4158 0.94342
0.95913 0.13345
0.55643 0.89675
0.73846 0.24703
0.75207 0.57103
0.39834 0.66424
0.11836 0.49587
0.97423 0.45873
0.12951 0.23484
0.38527 0.14197
0.72637 0.44737
0.45832 0.55124
0.2131 0.76439
0.87602 0.65854
0.5088 0.68309
0.53069 0.92461
0.62651 0.48982
0.058055 0.18294
0.38657 0.79651
0.42997 0.13864
0.36754 0.82831
0.80288 0.4859
0.32417 0.77711
0.94463 0.45368
0.011953 0.3299
0.59565 0.73832
0.77727 0.053972
0.28956 0.99038
0.81836 0.16559
0.64891 0.32717
0.84867 0.1796
0.25177 0.47519
0.66942 0.30983
0.65812 0.055997
0.10634 0.08809
0.19464 0.47388
0.91639 0.99752
0.95979 0.24057
0.77463 0.90442
0.69425 0.78658
0.23431 0.2899
0.5249 0.011586
0.34387 0.81447
0.001961 0.16224
0.98005 0.65087
0.4894 0.82873
0.83048 0.74118
0.30391 0.4999
0.051001 0.96203
0.5559 0.15734
0.050122 0.75054
0.63123 0.96652
0.74805 0.59101
0.20709 0.52268
0.49543 0.90134
0.30927 0.72974
0.19124 0.83417
0.74133 0.53511
0.64863 0.74329
0.69734 0.62868
0.39416 0.18675
0.45741 0.22464
0.92792 0.76132
0.72454 0.97892
0.72335 0.28044
0.13626 0.77347
0.03098 0.76749
0.73999 0.77903
0.3585 0.94708
0.30172 0.85393
0.84841 0.61098
0.58367 0.039647
0.44515 0.325
0.57476 0.093781
0.068293 0.2721
0.72246 0.46246
0.45885 0.17987
0.6871 0.38677
0.94119 0.41164
0.36569 0.66454
0.69209 0.50196
0.43801 0.72307
0.26945 0.178
0.5021 0.62795
0.12508 0.80382
0.48188 0.97349
0.4148 0.06555
0.013134 0.85995
0.39055 0.58789
0.95373 0.45885
0.85999 0.67619
0.9213 0.31884
0.85607 0.6084
0.70561 0.79726
0.020049 0.0713
0.4618 0.71213
0.57326 0.89981
0.4352 0.8427
0.077811 0.9373
0.47065 0.20289
0.74112 0.95253
0.17637 0.15592
0.018079 0.18951
0.015865 0.40863
0.7774 0.96959
0.86748 0.63739
0.64579 0.78878
0.95622 0.50185
0.39719 0.66183
0.29911 0.41723
0.73313 0.76091
0.12937 0.30639
0.66072 0.56457
0.14909 0.73853
0.50187 0.61974
0.94141 0.24299
0.57227 0.11779
0.39891 0.59035
0.30729 0.41478
0.99898 0.084692
0.38437 0.86646
0.72208 0.030157
0.65524 0.6783
0.53201 0.052428
0.34013 0.83112
0.46966 0.073264
0.59203 0.59903
0.37965 0.25274
0.1636 0.52874
0.99127 0.66548
0.14849 0.93268
0.90847 0.72076
0.050469 0.30738
0.31111 0.35776
0.72216 0.31009
0.44246 0.10653
0.17655 0.16454
0.13668 0.83179
0.84284 0.66869
0.88422 0.18297
0.49981 0.35388
0.25624 0.091838
0.95292 0.63589
0.34458 0.11652
0.16463 0.33585
0.782 0.31311
0.26853 0.69047
0.03387 0.319
0.99785 0.34498
0.67676 0.72
0.65507 0.11922
0.82653 0.83162
0.28376 0.96322
0.66341 0.12659
0.63191 0.54764
0.30957 0.13172
0.90152 0.5658
0.22356 0.85444
0.20169 0.56814
0.97095 0.36632
0.90399 0.75295
0.67943 0.17251
0.44342 0.7133
0.49151 0.44126
0.058279 0.16827
0.16127 0.71335
0.28749 0.9878
0.54497 0.57125
0.95102 0.20838
0.69784 0.58293
0.75602 0.00741
0.71465 0.65754
0.57321 0.93821
0.51197 0.7749
0.50635 0.48293
0.14122 0.41034
0.23588 0.82065
0.58285 0.67929
0.53395 0.07436
0.12056 0.59223
0.24263 0.28183
0.30558 0.53013
0.26963 0.85054
0.10138 0.22064
0.058926 0.79922
0.80357 0.81494
0.80663 0.51822
0.47248 0.37984
0.45643 0.98445
0.15474 0.96278
0.46738 0.29596
0.37311 0.70326
0.11661 0.95596
0.38255 0.65056
0.030323 0.50311
0.24279 0.27296
0.78494 0.54837
0.80308 0.054562
0.39891 0.90446
0.2752 0.45784
0.70368 0.078774
0.27278 0.51031
0.59699 0.74526
0.89014 0.053421
0.72971 0.044887
0.0162 0.19709
0.34085 0.38931
0.90035 0.45746
0.34528 0.2829
0.10802 0.3756
0.78601 0.35081
0.64856 0.57095
0.89918 0.45164
0.62551 0.29809
0.3561 0.90071
0.75593 0.059776
0.97949 0.028715
0.57008 0.57648
0.77398 0.46023
0.6299 0.50369
0.50511 0.6461
0.70078 0.84596
0.035414 0.60113
0.30342 0.38069
0.88403 0.41144
0.75629 0.67004
0.76225 0.40485
0.24099 0.66143
0.85649 0.8665
0.95952 0.21259
0.76721 0.71545
0.27236 0.74669
0.74417 0.84244
0.32317 0.51814
0.30267 0.95307
0.021834 0.80778
0.59917 0.72262
0.65374 0.63458
0.32375 0.95715
0.015275 0.20778
0.36859 0.77157
0.87782 0.13084
0.17641 0.11881
0.79226 0.0329
0.98531 0.75179
0.24549 0.75251
0.46724 0.51785
0.49921 0.21141
0.36029 0.82238
0.72955 0.66296
0.77545 0.75139
0.47074 0.37462
0.474 0.12448
0.009207 0.79775
0.08163 0.024482
0.005532 0.45022
0.79605 0.88336
0.58106 0.97246
0.002165 0.37332
0.00536 0.98747
0.12511 0.25085
0.73999 0.59235
0.76869 0.23919
0.80375 0.12898
0.061571 0.53331
0.79194 0.83702
0.28469 0.26267
0.21164 0.7587
0.38715 0.22085
0.55645 0.46878
0.24533 0.56198
0.919 0.04138
0.44533 0.50006
0.013841 0.4475
0.87338 0.019201
0.43497 0.99849
0.27005 0.17496
0.59083 0.038739
0.41415 0.39459
0.16772 0.47572
0.9279 0.95966
0.31274 0.21259
0.22233 0.52438
0.97128 0.60948
0.74523 0.52773
0.078253 0.99057
0.089712 0.99725
0.031948 0.53505
0.49731 0.045789
0.98255 0.37069
0.06499 0.41752
0.36918 0.33504
0.59247 0.96001
0.37378 0.006623
0.3546 0.54149
0.48234 0.2825
0.50115 0.79508
0.49509 0.72348
0.31947 0.46637
0.33296 0.064703
0.9941 0.41121
0.05527 0.083815
0.40846 0.087218
0.61886 0.90577
0.13301 0.60141
0.27646 0.198
0.018928 0.64563
0.53303 0.6114
0.60565 0.90681
0.61803 0.96025
0.4483 0.10037
0.24275 0.94945
0.89545 0.73783
0.67293 0.21492
0.2042 0.005887
0.27962 0.19831
0.41709 0.33489
0.28212 0.82555
0.42211 0.90098
0.73132 0.55512
0.50239 0.007777
0.75311 0.52132
0.65341 0.28614
0.13272 0.25906
0.19295 0.75075
0.21931 0.64126
0.85112 0.46205
0.59071 0.74657
0.19989 0.26364
0.96149 0.40409
0.26953 0.24111
0.6024 0.68662
0.576 0.88452
0.51217 0.99812
0.7855 0.24349
0.55323 0.28789
0.25127 0.30634
0.80921 0.90468
0.59249 0.94194
0.16374 0.78544
0.69269 0.38305
0.4267 0.54381
0.8451 0.017405
0.29038 0.044984
0.28104 0.25187
0.44907 0.55057
0.49298 0.051469
0.23719 0.06899
0.93599 0.74936
0.067105 0.72149
0.99286 0.62034
0.009377 0.24413
0.92668 0.81859
0.14881 0.51917
0.76053 0.31255
0.30462 0.45321
0.69559 0.73131
0.99702 0.54069
0.74872 0.2874
0.58568 0.029763
0.53927 0.034751
0.58033 0.032254
0.08622 0.81752
0.10124 0.022206
0.56688 0.16835
0.74369 0.55974
0.78869 0.75307
0.80387 0.71537
0.57166 0.95268
0.23454 0.33218
0.26523 0.53916
0.78539 0.96082
0.27047 0.78241
0.50151 0.019193
0.069813 0.087191
0.048957 0.60908
0.12194 0.62929
0.64134 0.20816
0.44681 0.74258
0.23037 0.013698
0.91093 0.97406
0.57344 0.69962
0.72713 0.37731
0.41499 0.29879
0.32999 0.64953
0.63097 0.59521
0.18869 0.41637
0.55604 0.45917
0.19878 0.05755
0.47836 0.26859
0.14474 0.52732
0.87768 0.26668
0.15661 0.51902
0.47485 0.60342
0.2616 0.70522
0.61712 0.17253
0.67928 0.19056
0.87214 0.40641
0.56786 0.28713
0.70519 0.89785
0.93666 0.33616
0.49307 0.12536
0.75253 0.049102
0.58452 0.95131
0.10665 0.062882
0.21991 0.25139
0.5902 0.097586
0.51808 0.7468
0.6166 0.99292
0.35022 0.8782
0.69814 0.96734
0.050725 0.37742
0.15789 0.92287
0.78382 0.72576
0.21 0.48901
0.62361 0.14667
0.82518 0.11668
0.27202 0.57771
0.16578 0.85655
0.52902 0.27243
0.91943 0.74893
0.52382 0.50963
0.84652 0.041902
0.25643 0.46312
0.034826 0.60665
0.34132 0.73297
0.57399 0.39204
0.11038 0.73188
0.31491 0.8942
0.45764 0.52491
0.38322 0.08125
0.67158 0.20839
0.19792 0.9436
0.78611 0.3637
0.80015 0.31513
0.63613 0.71957
0.064061 0.15996
0.2292 0.91058
0.20186 0.48563
0.3737 0.23668
0.092282 0.71501
0.96965 0.66627
0.10705 0.08003
0.39816 0.42196
0.97423 0.8558
0.94688 0.35745
0.93705 0.61846
0.56584 0.13497
0.56206 0.35195
0.49867 0.3622
0.66708 0.13481
0.081779 0.73114
0.29476 0.31098
0.64172 0.49662
0.79661 0.015415
0.7333 0.88889
0.73043 0.70295
0.55516 0.83748
0.78298 0.95332
0.25945 0.75721
0.80912 0.20633
0.11466 0.74616
0.82478 0.6805
0.88114 0.38684
0.032448 0.37981
0.74905 0.69952
0.51462 0.83083
0.43066 0.80938
0.1418 0.07238
0.306 0.93841
0.087795 0.039296
0.8273 0.81822
0.74225 0.38246
0.65571 0.52523
0.33578 0.91516
0.28244 0.14489
0.12148 0.39709
0.89106 0.94627
0.077596 0.77219
0.33311 0.11004
0.152 0.082157
0.80957 0.66662
0.91298 0.24023
0.476 0.054787
0.31261 0.78199
0.9932 0.40041
0.82129 0.8205
0.21863 0.56353
0.20296 0.87434
0.088759 0.53874
0.78949 0.3712
0.68364 0.91098
0.76829 0.57469
0.85725 0.84589
0.34688 0.19036
0.95593 0.49889
0.27251 0.7655
0.1655 0.1855
0.005729 0.6415
0.24028 0.31834
0.42349 0.23348
0.71874 0.24478
0.053983 0.93737
0.80831 0.25694
0.81171 0.89707
0.79569 0.6012
0.26826 0.47933
0.51218 0.036555
0.054019 0.36943
0.88244 0.40091
0.55978 0.83837
0.89979 0.8323
0.60387 0.065295
0.017795 0.6096
0.70679 0.25808
0.92794 0.13028
0.49156 0.64668
0.37506 0.54554
0.58406 0.18337
0.80249 0.39577
0.080438 0.59818
0.99697 0.3487
0.077504 0.50915
0.38526 0.13152
0.87858 0.2677
0.53243 0.43837
0.10607 0.43222
0.27066 0.70994
0.49751 0.28846
0.31954 0.20431
0.54654 0.24748
0.33459 0.0381
0.89416 0.70966
0.58364 0.47821
0.89302 0.38614
0.87398 0.97346
0.98431 0.87095
0.32216 0.061819
0.3801 0.70742
0.19334 0.25868
0.97512 0.72577
0.69705 0.081187
0.15799 0.96771
0.79113 0.65551
0.25617 0.11066
0.85981 0.80271
0.35814 0.19441
0.84081 0.25229
0.90406 0.42446
0.73051 0.79709
0.81059 0.60449
0.77055 0.79491
0.47544 0.092713
0.85673 0.85554
0.80013 0.050068
0.11422 0.77525
0.77584 0.81127
0.85644 0.93383
0.77899 0.64756
0.58933 0.03516
0.75823 0.44915
0.83787 0.11637
0.64355 0.67868
0.36866 0.54762
0.10314 0.09917
0.3447 0.91373
0.70366 0.11525
0.70864 0.1791
0.20797 0.56536
0.034638 0.008099
0.61543 0.14886
0.78335 0.39127
0.96014 0.63979
0.3251 0.73913
0.28736 0.91443
0.77429 0.045583
0.36358 0.61216
0.16195 0.00713
0.29084 0.53061
0.55475 0.39398
0.62978 0.89945
0.30771 0.33344
0.0147 0.016347
0.51254 0.22267
0.58171 0.54717
0.23076 0.19714
0.69604 0.014116
0.58841 0.65617
0.65391 0.91351
0.3953 0.94126
0.82794 0.16959
0.98684 0.19151
0.78174 0.14879
0.19864 0.072581
0.6794 0.75339
0.46656 0.30918
0.65284 0.77427
0.64262 0.66754
0.79061 0.15516
0.8902 0.37233
0.70233 0.12097
0.56947 0.39837
0.13509 0.15788
0.054544 0.78899
0.071389 0.44984
0.73025 0.89933
0.61943 0.71709
0.090842 0.40117
0.86589 0.28949
0.47375 0.54529
0.042876 0.94031
0.85447 0.69571
0.71458 0.49709
0.36325 0.50519
0.65225 0.25346
0.87752 0.35458
0.37443 0.44698
0.75295 0.50951
0.60486 0.80749
0.2985 0.67625
0.25734 0.028751
0.57558 0.87677
0.74584 0.66642
0.27794 0.61173
0.95591 0.7517
0.15702 0.99879
0.69201 0.011486
0.6945 0.40659
0.50858 0.057752
0.91178 0.16083
0.31121 0.7893
0.51541 0.68563
0.23628 0.26836
0.19514 0.84114
0.075855 0.49364
0.5174 0.33319
0.5224 0.092975
0.20997 0.26824
0.7594 0.48791
0.87997 0.7153
0.23961 0.036985
0.71409 0.93161
0.04847 0.40859
0.3382 0.55705
0.46634 0.24998
0.71787 0.77755
0.039273 0.23328
0.46318 0.27555
0.50164 0.65833
0.1167 0.5775
0.15197 0.63409
0.91069 0.67436
0.72707 0.12065
0.9426 0.48646
0.60856 0.82257
0.20177 0.84817
0.85956 0.91586
0.77978 0.90803
0.32444 0.11798
0.46508 0.79078
0.36796 0.18295
0.56833 0.40723
0.41623 0.031515
0.68278 0.91787
0.68984 0.79948
0.49537 0.84181
0.43357 0.40606
0.51618 0.16064
0.52672 0.45878
0.6471 0.13528
0.28135 0.84886
0.98345 0.14091
0.76472 0.76323
0.048938 0.089165
0.88121 0.51401
0.87995 0.24916
0.69696 0.44828
0.65639 0.11319
0.4798 0.33918
0.031066 0.16964
0.13865 0.52643
0.01145 0.57222
0.93249 0.52763
0.73286 0.45921
0.9864 0.37996
0.59449 0.26776
0.22882 0.57793
0.40867 0.99354
0.34116 0.4576
0.082706 0.22237
0.97162 0.96266
0.47153 0.66858
0.41094 0.12793
0.78177 0.89074
0.4671 0.81284
0.060378 0.60575
0.33927 0.071828
0.17798 0.27177
0.59945 0.91083
0.73098 0.58586
0.29079 0.32547
0.85362 0.51961
0.9034 0.26229
0.51315 0.24456
0.71989 0.59586
0.46693 0.69151
0.55851 0.93846
0.36009 0.96945
0.066387 0.14186
0.86019 0.53349
0.9547 0.92057
0.13924 0.29398
0.9924 0.31722
0.56575 0.59185
0.22805 0.29672
0.17771 0.51884
0.62219 0.031328
0.038454 0.52559
0.29361 0.55161
0.77015 0.013505
0.14746 0.23708
0.70501 0.70597
0.17554 0.065103
0.67543 0.24193
0.20697 0.53561
0.77542 0.16167
0.45618 0.91466
0.45565 0.44858
0.23188 0.021391
0.040429 0.45993
0.31811 0.21814
0.97877 0.94031
0.24947 0.017229
0.4659 0.54308
0.56883 0.23605
0.55659 0.7163
0.47313 0.2616
0.42227 0.64868
0.3267 0.097695
0.8906 0.53367
0.63331 0.66602
0.69534 0.089493
0.58068 0.15098
0.53807 0.81256
0.17237 0.5785
0.27249 0.49049
0.79664 0.25127
0.43079 0.046108
0.26849 0.89669
0.58919 0.83733
0.13274 0.14577
0.55362 0.60587
0.40737 0.97589
0.25455 0.73408
0.073589 0.14515
0.26775 0.7069
0.81117 0.96308
0.79639 0.39186
0.11406 0.33446
0.20442 0.28643
0.91296 0.47691
0.77692 0.70961
0.72817 0.20772
0.75571 0.99666
0.10441 0.3449
0.83399 0.23714
0.49068 0.38762
0.84301 0.89805
0.36351 0.09756
0.63213 0.4371
0.24271 0.89987
0.144 0.053883
0.86296 0.94039
0.44574 0.97702
0.27485 0.65015
0.26345 0.18782
0.12706 0.040377
0.89742 0.85523
0.24809 0.65314
0.85189 0.3525
0.99804 0.68588
0.58964 0.48872
0.0735 0.43266
0.38677 0.43701
0.53022 0.018899
0.87411 0.77293
0.91878 0.018107
0.82681 0.78173
0.9585 0.27255
0.75875 0.23335
0.9227 0.022206
0.42117 0.049764
0.062583 0.31859
0.90499 0.31068
0.97172 0.75689
0.66318 0.96976
0.44277 0.25282
0.45848 0.51627
0.68548 0.84525
0.95328 0.2157
0.86415 0.82739
0.98863 0.78292
0.84549 0.81544
0.56465 0.80399
0.087991 0.3234
0.037341 0.010696
0.34561 0.45851
0.06046 0.40819
0.77709 0.96545
0.71887 0.74882
0.72234 0.38205
0.71858 0.16511
0.63487 0.17706
0.68138 0.32035
0.022305 0.63465
0.53604 0.88645
0.46204 0.52467
0.66937 0.30754
0.34011 0.23403
0.11153 0.4281
0.55743 0.14887
0.4388 0.90304
0.60738 0.49926
0.31124 0.38447
0.46471 0.030106
0.13329 0.18705
0.41215 0.85187
0.35215 0.047019
0.028931 0.033531
0.36736 0.051237
0.66819 0.90341
0.93769 0.13023
0.42808 0.60706
0.43777 0.76819
0.84109 0.5493
0.19629 0.39852
0.69817 0.63509
0.30156 0.30555
0.13435 0.61279
0.69002 0.59906
0.6429 0.82332
0.7861 0.055054
0.67519 0.13826
0.10207 0.70412
0.17179 0.46944
0.75535 0.83998
0.37285 0.69304
0.97021 0.80093
0.30011 0.40797
0.56912 0.14119
0.95727 0.76541
0.53971 0.65544
0.4005 0.84127
0.96099 0.53485
0.45406 0.65102
0.1339 0.096966
0.47433 0.92001
0.15202 0.14952
0.058266 0.25409
0.85364 0.23006
0.72353 0.60899
0.070031 0.096381
0.30203 0.040237
0.89731 0.60214
0.44821 0.46643
0.74333 0.40548
0.23184 0.28304
0.060929 0.63234
0.12431 0.021921
0.16719 0.57837
0.67294 0.30109
0.67534 0.14727
0.2211 0.82736
0.29678 0.27937
0.081456 0.15042
0.50942 0.80499
0.75941 0.57946
0.90137 0.061443
0.61969 0.79868
0.66358 0.067903
0.26511 0.40691
0.47339 0.49695
0.68995 0.53432
0.12929 0.81427
0.55624 0.29648
0.39264 0.22917
0.59758 0.067982
0.37644 0.81868
0.89534 0.67322
0.098046 0.9768
0.82364 0.60747
0.78179 0.58305
0.18693 0.68316
0.64449 0.80662
0.48184 0.30807
0.87452 0.74694
0.71499 0.34791
0.24389 0.40494
0.88223 0.37318
0.21921 0.43846
0.66967 0.61185
0.66764 0.26724
0.67983 0.044079
0.085919 0.57517
0.7173 0.18396
0.55197 0.54094
0.79144 0.33376
0.12399 0.97836
0.01692 0.76848
0.78498 0.49876
0.076557 0.6595
0.2457 0.79154
0.007408 0.4896
0.19648 0.88963
0.86278 0.41569
0.3281 0.53245
0.027539 0.99574
0.79969 0.70737
0.039817 0.88561
0.28254 0.75712
0.069573 0.83451
0.29806 0.86101
0.16828 0.42205
0.83937 0.18519
0.19053 0.62435
0.68395 0.26709
0.28385 0.92965
0.058634 0.29125
0.41925 0.25512
0.18089 0.28203
0.67081 0.50899
0.81448 0.69835
0.50472 0.61416
0.40572 0.54454
0.49977 0.68826
0.30166 0.56934
0.52277 0.59972
0.43035 0.69105
0.02177 0.26972
0.87624 0.2123
0.89407 0.56019
0.47939 0.17792
0.48985 0.53803
0.46917 0.9091
0.79315 0.65006
0.19113 0.46396
0.15904 0.005604
0.16231 0.66377
0.61977 0.56803
0.20831 0.11954
0.25628 0.50997
0.68889 0.77906
0.10969 0.11924
0.4701 0.13146
0.38896 0.34634
0.34376 0.28303
0.90653 0.82316
0.46095 0.39638
0.36118 0.93012
0.30548 0.15433
0.58018 0.4966
0.61829 0.73923
0.50221 0.7806
0.40299 0.12197
0.34862 0.6113
0.24152 0.60491
0.12127 0.9304
0.38396 0.23096
0.049642 0.85406
0.36242 0.43861
0.2004 0.70618
0.72164 0.10694
0.52934 0.18259
0.50332 0.89053
0.11271 0.80879
0.044856 0.69289
0.30539 0.66314
0.43212 0.8076
0.44374 0.83511
0.92957 0.79236
0.44641 0.17109
0.39727 0.56769
0.10149 0.78123
0.79865 0.15113
0.6353 0.16107
0.58974 0.8357
0.86725 0.31138
0.94264 0.3966
0.49397 0.44595
0.28712 0.60668
0.25474 0.33198
0.29957 0.56014
0.99512 0.73169
0.36774 0.43886
0.5668 0.29731
0.23123 0.013212
0.4684 0.6285
0.5809 0.56989
0.40973 0.37955
0.72103 0.045028
0.54062 0.31077
0.88073 0.40787
0.62215 0.82336
0.80447 0.11612
0.26932 0.09159
0.7228 0.52406
0.42357 0.022373
0.084197 0.41869
0.75406 0.45193
0.85755 0.32086
0.74925 0.08878
0.33407 0.21765
0.71728 0.91497
0.78755 0.12701
0.29452 0.50857
0.17204 0.83514
0.81934 0.052767
0.24301 0.44149
0.87613 0.047479
0.55761 0.14544
0.13907 0.28041
0.6695 0.56264
0.30278 0.7537
0.98132 0.056844
0.20564 0.83888
0.3777 0.95488
0.92766 0.71178
0.17253 0.64493
0.62675 0.96008
0.77195 0.92127
0.46865 0.94399
0.7564 0.288
0.99675 0.99942
0.72949 0.87288
0.046894 0.28709
0.018326 0.18596
0.5675 0.68783
0.7486 0.87028
0.44153 0.72992
0.92713 0.64716
0.5688 0.30483
0.60205 0.49645
0.016611 0.77458
0.14139 0.64336
0.73466 0.91334
0.56463 0.20332
0.85732 0.32103
0.49131 0.85407
0.32045 0.2208
0.72696 0.36734
0.50789 0.74528
0.5533 0.075398
0.43311 0.3019
0.94568 0.87464
0.031827 0.87281
0.5218 0.60063
0.17765 0.12385
0.097081 0.19426
0.89843 0.23847
0.83761 0.6331
0.15181 0.40224
0.83641 0.009128
0.72327 0.32773
0.8632 0.043719
0.54853 0.59016
0.41106 0.05642
0.33544 0.96436
0.13182 0.76855
0.26626 0.077502
0.64319 0.29809
0.95031 0.16499
0.89872 0.12796
0.28884 0.9958
0.32221 0.18728
0.23427 0.15983
0.82037 0.38608
0.56207 0.65679
0.3952 0.28535
0.98452 0.25841
0.32906 0.53304
0.84857 0.74012
0.58946 0.184
0.70449 0.72128
0.95255 0.97075
0.79878 0.59574
0.26884 0.74909
0.76073 0.16756
0.87705 0.049573
0.16336 0.19927
0.23685 0.39763
0.3591 0.057224
0.78371 0.92117
0.71401 0.17892
0.20652 0.69853
0.43732 0.53558
0.23157 0.28589
0.27571 0.82103
0.46989 0.98019
0.54231 0.42244
0.95095 0.34109
0.018183 0.21979
0.090182 0.77891
0.38735 0.96724
0.82849 0.55071
0.1665 0.065336
0.94835 0.5256
0.12256 0.73206
0.44678 0.83657
0.91097 0.6533
0.5351 0.3483
0.18888 0.76667
0.63419 0.46459
0.58769 0.10408
0.44478 0.13
0.52652 0.39573
0.47109 0.54471
0.61552 0.56127
0.32362 0.00287
0.52851 0.15211
0.55358 0.69501
0.21744 0.50193
0.22062 0.34
0.23399 0.66739
0.17657 0.14497
0.32069 0.71167
0.49326 0.50957
0.47834 0.12745
0.97416 0.066028
0.23153 0.41895
0.19603 0.75805
0.81467 0.66712
0.30276 0.43019
0.22839 0.62638
0.43306 0.75689
0.77848 0.98665
0.4519 0.99592
0.48858 0.67252
0.33592 0.72257
0.33991 0.5125
0.86753 0.6606
0.22417 0.3608
0.17017 0.7025
0.48825 0.14433
0.76853 0.71978
0.56328 0.96456
0.47783 0.37795
0.63167 0.78059
0.80815 0.86006
0.40696 0.24121
0.61695 0.18544
0.22786 0.068852
0.18137 0.71644
0.74137 0.51729
0.439 0.081278
0.029789 0.30654
0.74188 0.25396
0.66734 0.91205
0.95646 0.15558
0.056383 0.72499
0.87536 0.61966
0.68955 0.35319
0.99761 0.32122
0.13378 0.80576
0.18128 0.54074
0.046966 0.79823
0.72618 0.27482
0.86709 0.90755
0.99126 0.60845
0.42484 0.43026
0.68973 0.45463
0.7368 0.43161
0.70859 0.40414
0.34366 0.66505
0.55972 0.40004
0.39004 0.43508
0.019706 0.079582
0.78827 0.017319
0.4008 0.92205
0.82308 0.58209
0.46278 0.87004
0.38032 0.18896
0.14486 0.24741
0.096514 0.13612
0.85586 0.52136
0.56638 0.54559
0.97599 0.30318
0.9772 0.68458
0.70732 0.32086
0.34962 0.26704
0.72091 0.73966
0.70212 0.74062
0.81924 0.49039
0.75793 0.22004
0.41244 0.58101
0.80213 0.87522
0.45105 0.18245
0.064185 0.59592
0.42985 0.1607
0.73204 0.28571
0.68206 0.29842
0.8313 0.65804
0.6016 0.80851
0.34262 0.30892
0.12937 0.69224
0.57596 0.85028
0.4319 0.27808
0.59089 0.25114
0.76847 0.34883
0.47119 0.18091
0.92984 0.27331
0.056131 0.38089
0.45576 0.12032
0.97681 0.88562
0.28102 0.70885
0.17133 0.96307
0.007271 0.002632
0.62111 0.60888
0.81114 0.96374
0.9178 0.94051
0.65598 0.49376
0.79079 0.087882
0.77184 0.38168
0.33902 0.54031
0.73051 0.81021
0.72122 0.66035
0.083521 0.77736
0.041245 0.53928
0.89767 0.018056
0.4249 0.17869
0.72691 0.59623
0.14176 0.73418
0.59886 0.76287
0.34305 0.41
0.72661 0.26085
0.35051 0.38259
0.75461 0.1413
0.47047 0.52645
0.52298 0.80949
0.066764 0.25349
0.6197 0.78799
0.91384 0.70322
0.56534 0.95509
0.2425 0.46302
0.97315 0.66741
0.6417 0.70005
0.26363 0.78346
0.43423 0.86249
0.54633 0.77728
0.27249 0.27294
0.038132 0.623
0.65553 0.79274
0.76429 0.126
0.31919 0.28727
0.93549 0.38595
0.54076 0.55519
0.17394 0.4546
0.25841 0.73929
0.40969 0.50092
0.2023 0.38284
0.16832 0.844
0.08289 0.43195
0.62746 0.51712
0.29445 0.17379
0.2944 0.56694
0.44673 0.33253
0.18993 0.10225
0.12527 0.95422
0.22825 0.44446
0.24149 0.16374
0.83042 0.78226
0.71893 0.004361
0.23686 0.97734
0.74365 0.64655
0.47826 0.94595
0.029393 0.64658
0.78995 0.11228
0.078535 0.41741
0.6294 0.37298
0.5912 0.9238
0.93992 0.037925
0.25633 0.12985
0.14018 0.38161
0.084075 0.36843
0.82607 0.32557
0.53217 0.65649
0.10783 0.25111
0.66085 0.34469
0.22845 0.40449
0.99124 0.70671
0.35044 0.020635
0.35329 0.14039
0.13292 0.43183
0.5578 0.76232
0.80481 0.149
0.68612 0.74472
0.18692 0.94245
0.87457 0.3271
0.32406 0.95865
0.69554 0.15013
0.28422 0.22771
0.80661 0.39204
0.47882 0.46746
0.73673 0.70727
0.87196 0.72798
0.41398 0.2224
0.74861 0.76727
0.36279 0.88153
0.1991 0.92059
0.64385 0.003907
0.069593 0.32996
0.74863 0.25652
0.27242 0.62321
0.58362 0.59647
0.58186 0.27916
0.7466 0.86608
0.50687 0.55321
0.25812 0.98568
0.020675 0.99486
0.69295 0.89263
0.72283 0.10693
0.11503 0.47144
0.8742 0.47782
0.35296 0.073296
0.39842 0.99681
0.077203 0.46801
0.32677 0.82583
0.72453 0.59919
0.44904 0.30815
0.19566 0.030899
0.58731 0.94226
0.89698 0.094171
0.49547 0.1551
0.079853 0.51615
0.14995 0.7728
0.40878 0.87278
0.87973 0.52381
0.34422 0.75393
0.001635 0.69719
0.82722 0.40005
0.694 0.90443
0.86806 0.020769
0.73026 0.59259
0.61996 0.1793
0.90074 0.81562
0.2102 0.48805
0.75788 0.10718
0.58222 0.25335
0.26228 0.66207
0.7695 0.41223
0.43487 0.17828
0.28501 0.3146
0.7021 0.62923
0.068531 0.70373
0.32642 0.89575
0.10379 0.020417
0.80018 0.97185
0.041187 0.53044
0.56444 0.66114
0.70975 0.46518
0.47676 0.91995
0.95323 0.23465
0.027129 0.53545
0.488 0.28941
0.19752 0.25751
0.70164 0.63239
0.43579 0.98665
0.947 0.13789
0.61589 0.015527
0.84162 0.94231
0.91128 0.94541
0.96273 0.71146
0.91726 0.003911
0.24191 0.4817
0.66506 0.95165
0.94688 0.14182
0.8716 0.90011
0.37647 0.89873
0.43556 0.86447
0.18814 0.63308
0.12197 0.88978
0.26547 0.55776
0.87643 0.21246
0.69565 0.49232
0.22799 0.53727
0.43462 0.13927
0.48268 0.39735
0.85074 0.39994
0.40126 0.092645
0.88163 0.066316
0.044298 0.82851
0.20814 0.9159
0.72862 0.5846
0.81463 0.16418
0.44907 0.002774
0.79725 0.57104
0.89255 0.062722
0.12881 0.76898
0.27519 0.82446
0.2613 0.50318
0.36173 0.69592
0.64245 0.84441
0.093267 0.49319
0.24435 0.49453
0.58583 0.12598
0.56084 0.63013
0.9545 0.76898
0.54604 0.68312
0.35358 0.36067
0.8473 0.80265
0.36344 0.64455
0.37369 0.25599
0.70727 0.5025
0.024976 0.98246
0.32696 0.28627
0.48564 0.68869
0.98219 0.12809
0.53311 0.075458
0.62128 0.77746
0.56998 0.20712
0.90344 0.13083
0.83725 0.85794
0.8998 0.38329
0.54105 0.25338
0.74396 0.38835
0.056036 0.1074
0.0329 0.42973
0.36339 0.74017
0.93223 0.38837
0.72263 0.25919
0.67464 0.20827
0.94789 0.65683
0.33636 0.481
0.73229 0.95764
0.25845 0.30227
0.16476 0.1619
0.4331 0.002008
0.019832 0.3329
0.38529 0.56089
0.58629 0.12925
0.94924 0.64232
0.23665 0.98214
0.072054 0.60004
0.72231 0.004286
0.98841 0.44494
0.26348 0.66305
0.65321 0.21137
0.31988 0.98957
0.69237 0.052172
0.94721 0.95082
0.35445 0.11197
0.11272 0.78755
0.11398 0.13255
0.12045 0.49927
0.69344 0.70674
0.62852 0.64267
0.34906 0.86517
0.62481 0.42111
0.46521 0.34712
0.4254 0.45361
0.79206 0.68888
0.11667 0.44527
0.90025 0.43655
0.43484 0.59262
0.48872 0.38205
0.54344 0.84317
0.49401 0.65616
0.63071 0.60799
0.78871 0.75116
0.10726 0.48214
0.4579 0.73578
0.12481 0.80696
0.60094 0.74962
0.22807 0.066151
0.096739 0.65347
0.51977 0.8888
0.34235 0.63643
0.33406 0.2426
0.07298 0.7689
0.83522 0.5617
0.15095 0.37866
0.40487 0.64496
0.034817 0.03558
0.25295 0.82352
0.78674 0.36021
0.30567 0.24464
0.095992 0.43048
0.051599 0.69694
0.1801 0.27967
0.76309 0.27684
0.93314 0.28286
0.16564 0.2755
0.91929 0.4997
0.5181 0.99227
0.2686 0.35332
0.55397 0.41955
0.73198 0.95883
0.064507 0.76679
0.99441 0.31746
0.59032 0.78115
0.67767 0.89599
0.025794 0.77366
0.32647 0.077394
0.4706 0.50657
0.35707 0.23369
0.78341 0.29021
0.51655 0.94905
0.56571 0.43583
0.44876 0.083804
0.4281 0.71736
0.43712 0.98206
0.1369 0.1691
0.9409 0.20141
0.93589 0.93531
0.51887 0.52621
0.71646 0.19654
0.42219 0.74225
0.9702 0.74866
0.81965 0.44081
0.25523 0.17671
0.6745 0.038648
0.46692 0.19104
0.9877 0.032629
0.62687 0.43646
0.11643 0.054968
0.15382 0.55355
0.03703 0.29072
0.72265 0.97793
0.49213 0.65854
0.91323 0.010997
0.18475 0.62969
0.20754 0.60694
0.37195 0.17774
0.3556 0.1916
0.61855 0.61083
0.36831 0.29304
0.64948 0.83523
0.48408 0.63718
0.86786 0.11096
0.07364 0.9843
0.16592 0.22745
0.53785 0.20295
0.51817 0.2605
0.18088 0.010301
0.91904 0.094111
0.021298 0.10379
0.7238 0.22884
0.71073 0.095752
0.40658 0.066329
0.28735 0.025126
0.67716 0.65566
0.31817 0.32664
0.4909 0.80226
0.96382 0.35876
0.91321 0.037464
0.34306 0.079134
0.26492 0.88091
0.28209 0.78309
0.14141 0.46297
0.79339 0.060451
0.55708 0.81469
0.16424 0.28088
0.043528 0.87497
0.37663 0.45011
0.9413 0.66398
0.47523 0.61846
0.31964 0.7934
0.9451 0.81054
0.59566 0.90893
0.1693 0.50887
0.94639 0.51235
0.588 0.21131
0.39326 0.87009
0.9944 0.53467
0.33306 0.7878
0.59512 0.89014
0.60249 0.75936
0.17102 0.64602
0.63433 0.54765
0.096124 0.57563
0.21163 0.57136
0.19409 0.53127
0.36476 0.13919
0.34181 0.96042
0.04812 0.51111
0.46929 0.99451
0.023456 0.057288
0.20582 0.41671
0.92738 0.20022
0.95138 0.26044
0.98802 0.5465
0.15057 0.59051
0.30586 0.32159
0.23653 0.94019
0.86924 0.33265
0.51582 0.080869
0.90401 0.70991
0.61214 0.26877
0.8491 0.95395
0.22919 0.89722
0.46506 0.69847
0.89173 0.48851
0.75576 0.097552
0.90523 0.68314
0.29778 0.85661
0.94358 0.2858
0.40311 0.094147
0.87631 0.70896
0.41574 0.11284
0.64915 0.28497
0.44549 0.16497
0.36584 0.3495
0.87487 0.97798
0.61826 0.72397
0.93194 0.84745
0.62119 0.397
0.54592 0.51292
0.88551 0.30168
0.61047 0.79074
0.98482 0.90824
0.64735 0.92839
0.19404 0.050457
0.022541 0.07035
0.75942 0.43828
0.18319 0.40857
0.72325 0.62867
0.57354 0.089089
0.97817 0.4484
0.067074 0.59643
0.17237 0.99901
0.44388 0.79356
0.39601 0.9898
0.30648 0.28152
0.29148 0.91694
0.072259 0.2763
0.82519 0.71961
0.2047 0.019231
0.77006 0.22724
0.089581 0.52948
0.66551 0.27277
0.93806 0.38876
0.90144 0.51159
0.47785 0.87961
0.96 0.54493
0.47604 0.13237
0.54394 0.91992
0.92593 0.93995
0.90973 0.2324
0.22146 0.20121
0.14935 0.29372
0.47751 0.97454
0.013331 0.68221
0.99377 0.78339
0.90945 0.08335
0.31288 0.57497
0.35612 0.25094
0.96373 0.25756
0.76253 0.44158
0.13717 0.72252
0.98651 0.61321
0.85489 0.53045
0.53313 0.78082
0.47039 0.44286
0.013221 0.69186
0.64407 0.16257
0.98558 0.12158
0.13711 0.99891
0.80379 0.13087
0.78231 0.71325
0.21422 0.095186
0.28821 0.57034
0.34612 0.25194
0.8279 0.10865
0.69352 0.96506
0.83117 0.68003
0.57827 0.68606
0.21048 0.1114
0.46688 0.68087
0.55426 0.4801
0.37273 0.19833
0.64267 0.35831
0.31991 0.77978
0.35722 0.1237
0.91065 0.13953
0.83695 0.12487
0.23471 0.12516
0.69522 0.58084
0.3771 0.52311
0.68949 0.070621
0.48818 0.52066
0.75065 0.066446
0.20672 0.96113
0.17785 0.6736
0.642 0.73211
0.1537 0.014732
0.93043 0.79637
0.37304 0.25034
0.57615 0.73026
0.37404 0.4868
0.86979 0.21099
0.61167 0.1045
0.33615 0.30689
0.68534 0.71325
0.83 0.37482
0.78387 0.31817
0.89548 0.53452
0.38462 0.1022
0.49565 0.56247
0.7758 0.13765
0.29457 0.9295
0.15238 0.22501
0.72587 0.52543
0.47535 0.30201
0.25569 0.84939
0.78881 0.12548
0.06038 0.40048
0.22998 0.39653
0.70737 0.91532
0.10977 0.53736
0.29014 0.89364
0.85554 0.18562
0.42816 0.24016
0.28782 0.9238
0.80263 0.063616
0.061457 0.097201
0.99311 0.21384
0.32221 0.71898
0.73927 0.79756
0.020994 0.99496
0.64694 0.8098
0.12043 0.70733
0.21028 0.35041
0.10385 0.91765
0.26573 0.21363
0.45501 0.55587
0.10726 0.31055
0.74149 0.53542
0.55071 0.029312
0.45922 0.35333
0.092929 0.52068
0.45054 0.086042
0.73452 0.77274
0.80502 0.47379
0.5703 0.82602
0.46874 0.21724
0.63582 0.58918
0.92457 0.8461
0.93959 0.028421
0.76375 0.20532
0.24205 0.21876
0.76119 0.34931
0.52931 0.50268
0.88473 0.08002
0.532 0.34396
0.43335 0.62493
0.86464 0.88389
0.71097 0.59916
0.65663 0.51599
0.072949 0.22693
0.34201 0.54169
0.44417 0.97783
0.13087 0.36874
0.82393 0.070458
0.39716 0.58768
0.27578 0.63921
0.80645 0.036969
0.98852 0.33576
0.53965 0.87325
0.41578 0.071651
0.2172 0.84913
0.69658 0.081841
0.73302 0.40754
0.681 0.38965
0.92353 0.75395
0.61658 0.26554
0.29564 0.060751
0.24337 0.42651
0.42949 0.067303
0.49697 0.82665
0.65499 0.77275
0.46585 0.46143
0.80972 0.45437
0.79719 0.34937
0.32762 0.21297
0.42102 0.54482
0.062106 0.1176
0.62666 0.79513
0.52514 0.30766
0.18478 0.44868
0.061613 0.80136
0.71422 0.35725
0.86211 0.95759
0.78377 0.2916
0.024894 0.28074
0.11825 0.67988
0.053484 0.5841
0.14131 0.8632
0.038476 0.93851
0.21257 0.3661
0.15148 0.63359
0.91092 0.21358
0.75119 0.53758
0.008713 0.27633
0.84525 0.1935
0.72501 0.90686
0.99486 0.43923
0.26411 0.85697
0.39682 0.047881
0.14858 0.42172
0.32862 0.26683
0.1016 0.3821
0.85093 0.24291
0.2453 0.88941
0.18142 0.45787
0.2555 0.33289
0.091468 0.16642
0.54648 0.84266
0.704 0.55519
0.11899 0.54925
0.74869 0.844
0.45611 0.74355
0.28323 0.72022
0.60052 0.68005
0.7681 0.7491
0.10177 0.096721
0.015929 0.20336
0.47882 0.86686
0.44627 0.72413
0.75627 0.62769
0.182 0.011775
0.96058 0.27347
0.1782 0.50706
0.11613 0.8822
0.062257 0.23512
0.43145 0.81095
0.079117 0.88755
0.55449 0.36235
0.60778 0.15501
0.042397 0.37588
0.90412 0.14416
0.4726 0.92005
0.34752 0.95142
0.78691 0.7938
0.67555 0.54318
0.42149 0.85755
0.55495 0.38207
0.13102 0.73315
0.88914 0.24715
0.61535 0.95139
0.48226 0.046797
0.76234 0.56138
0.93435 0.31683
0.92373 0.54213
0.47185 0.96613
0.91801 0.37596
0.11029 0.39061
0.29601 0.45782
0.34203 0.082913
0.25161 0.017586
0.62609 0.6731
0.87514 0.18105
0.055172 0.006158
0.9142 0.94431
0.25331 0.52955
0.8957 0.73557
0.57634 0.65804
0.29695 0.5107
0.97487 0.22068
0.052824 0.44671
0.18681 0.97083
0.82268 0.2971
0.36144 0.11868
0.75491 0.70348
0.20159 0.006525
0.72106 0.82769
0.67963 0.5962
0.008733 0.7348
0.60236 0.92293
0.6791 0.85567
0.45248 0.5748
0.59123 0.028817
0.23284 0.88819
0.53951 0.20771
0.10887 0.59233
0.65442 0.29568
0.56317 0.4771
0.59277 0.92461
0.59578 0.34769
0.62809 0.79737
0.35421 0.34915
0.62506 0.033835
0.94536 0.63379
0.76863 0.54772
0.55672 0.44773
0.40338 0.009198
0.022538 0.99462
0.038015 0.25538
0.8828 0.57753
0.46309 0.99167
0.16986 0.11751
0.28735 0.73303
0.5946 0.88013
0.65764 0.19038
0.22781 0.28573
0.98776 0.58202
0.63489 0.61282
0.61586 0.58024
0.24661 0.38449
0.12796 0.80334
0.83222 0.53134
0.81254 0.85476
0.52596 0.85055
0.11014 0.40876
0.42808 0.57323
0.40044 0.59794
0.69073 0.68779
0.33097 0.28534
0.56792 0.98861
0.47572 0.79573
0.27434 0.46348
0.37776 0.90923
0.076297 0.99361
0.48947 0.32291
0.3781 0.61743
0.12625 0.21033
0.14877 0.93878
0.065091 0.67473
0.78934 0.17523
0.083499 0.21741
0.74846 0.48394
0.81535 0.43919
0.17173 0.14632
0.72453 0.73965
0.13493 0.20025
0.53538 0.40928
0.66372 0.91313
0.3185 0.74002
0.90675 0.80798
0.062933 0.28485
0.42541 0.18918
0.49518 0.57419
0.12796 0.56027
0.24892 0.9173
0.7355 0.33242
0.13471 0.48396
0.81636 0.95007
0.92315 0.98809
0.096388 0.64768
0.72774 0.23132
0.84792 0.26311
0.6406 0.51165
0.17625 0.9591
0.25167 0.082996
0.76708 0.3146
0.36785 0.19249
0.50378 0.86303
0.76668 0.63175
0.4233 0.015599
0.54905 0.1588
0.34802 0.68376
0.64276 0.16438
0.63382 0.56591
0.15246 0.73021
0.21358 0.8802
0.96153 0.061502
0.14331 0.60213
0.57315 0.31956
0.56123 0.82481
0.40256 0.32831
0.13942 0.7704
0.5208 0.64319
0.63343 0.28748
0.27494 0.056726
0.30308 0.82399
0.21552 0.6511
0.50775 0.85828
0.81547 0.14157
0.42419 0.96794
0.87179 0.63777
0.84814 0.83332
0.69927 0.99145
0.43545 0.27242
0.31101 0.99668
0.097232 0.71357
0.32499 0.23665
0.48397 0.8458
0.87984 0.1174
0.13328 0.15478
0.17413 0.43636
0.97877 0.38965
0.08746 0.48652
0.24793 0.90294
0.62809 0.67212
0.87087 0.49988
0.30988 0.71901
0.3332 0.009152
0.71046 0.76865
0.28157 0.021467
0.76533 0.3788
0.73503 0.090323
0.61545 0.219
0.93612 0.49529
0.3364 0.0694
0.65007 0.51053
0.50576 0.62884
0.90017 0.59322
0.11536 0.1481
0.49616 0.74345
